8 0.499219 0.243750 0.064062 0.133333
5 0.443750 0.243750 0.062500 0.133333
5 0.056250 0.246875 0.065625 0.135417
0 0.115625 0.247917 0.065625 0.133333
1 0.341406 0.245833 0.051562 0.133333
8 0.389062 0.243750 0.062500 0.133333
0 0.174219 0.246875 0.067187 0.131250
9 0.290625 0.246875 0.065625 0.131250
0 0.232813 0.246875 0.065625 0.131250
8 0.485938 0.594792 0.062500 0.135417
8 0.376563 0.597917 0.062500 0.133333
9 0.280469 0.601042 0.064062 0.127083
1 0.330469 0.598958 0.054688 0.131250
0 0.224219 0.601042 0.064062 0.127083
0 0.109375 0.605208 0.062500 0.131250
0 0.166406 0.603125 0.064062 0.127083
5 0.049219 0.606250 0.060937 0.129167
5 0.431250 0.595833 0.062500 0.133333
