5 0.902344 0.240625 0.064062 0.127083
8 0.959375 0.240625 0.062500 0.131250
8 0.846875 0.242708 0.062500 0.127083
5 0.527344 0.250000 0.060937 0.129167
0 0.637500 0.247917 0.062500 0.129167
0 0.693750 0.247917 0.059375 0.120833
0 0.582031 0.250000 0.060937 0.125000
5 0.893750 0.592708 0.062500 0.127083
8 0.949219 0.591667 0.060937 0.125000
8 0.838281 0.591667 0.060937 0.125000
9 0.742969 0.595833 0.060937 0.125000
0 0.632031 0.598958 0.057813 0.122917
5 0.521094 0.602083 0.060937 0.125000
0 0.575781 0.600000 0.060937 0.125000
0 0.687500 0.597917 0.059375 0.120833
9 0.750000 0.245833 0.062500 0.129167
1 0.798438 0.245833 0.050000 0.125000
1 0.791406 0.595833 0.051562 0.125000
