5 0.898438 0.232292 0.062500 0.135417
8 0.841406 0.233333 0.064062 0.133333
9 0.740625 0.237500 0.062500 0.129167
5 0.507031 0.242708 0.060937 0.131250
0 0.565625 0.239583 0.062500 0.129167
0 0.622656 0.240625 0.060937 0.127083
0 0.681250 0.238542 0.062500 0.131250
5 0.882812 0.595833 0.059375 0.129167
8 0.942187 0.594792 0.062500 0.127083
8 0.825781 0.597917 0.060937 0.129167
1 0.778906 0.598958 0.051562 0.127083
9 0.728125 0.600000 0.062500 0.129167
0 0.613281 0.602083 0.060937 0.129167
0 0.555469 0.604167 0.064062 0.125000
5 0.497656 0.607292 0.064062 0.127083
0 0.670312 0.601042 0.059375 0.127083
8 0.957031 0.230208 0.067187 0.135417
1 0.789844 0.234375 0.051562 0.135417
