5 0.039062 0.322917 0.062500 0.112500
9 0.292187 0.325000 0.059375 0.112500
0 0.095312 0.322917 0.059375 0.116667
0 0.147656 0.323958 0.057813 0.114583
9 0.342187 0.326042 0.056250 0.110417
0 0.239844 0.326042 0.057813 0.114583
1 0.192969 0.327083 0.045312 0.116667
2 0.394531 0.327083 0.060937 0.112500
0 0.447656 0.328125 0.057813 0.114583
0 0.453906 0.846875 0.060937 0.114583
2 0.400000 0.847917 0.062500 0.116667
9 0.345313 0.845833 0.056250 0.112500
1 0.194531 0.852083 0.045312 0.116667
9 0.295312 0.848958 0.062500 0.118750
0 0.092188 0.852083 0.059375 0.120833
0 0.146094 0.852083 0.057813 0.116667
5 0.037500 0.852083 0.059375 0.116667
0 0.240625 0.850000 0.059375 0.116667
