7 0.953125 0.113542 0.071875 0.135417
2 0.891406 0.115625 0.070312 0.135417
9 0.831250 0.116667 0.068750 0.133333
1 0.682031 0.123958 0.054688 0.131250
7 0.729688 0.121875 0.062500 0.131250
1 0.782031 0.118750 0.054688 0.133333
0 0.632031 0.122917 0.064062 0.133333
0 0.575781 0.126042 0.064062 0.131250
5 0.518750 0.123958 0.062500 0.131250
7 0.962500 0.694792 0.065625 0.131250
9 0.844531 0.696875 0.067187 0.135417
2 0.904687 0.696875 0.068750 0.131250
7 0.742969 0.700000 0.064062 0.129167
1 0.794531 0.700000 0.057813 0.125000
0 0.646094 0.701042 0.060937 0.127083
0 0.590625 0.701042 0.062500 0.127083
5 0.534375 0.701042 0.062500 0.131250
1 0.696094 0.697917 0.054688 0.129167
