7 0.493750 0.122917 0.062500 0.129167
2 0.434375 0.123958 0.065625 0.127083
5 0.057031 0.126042 0.064062 0.131250
0 0.114062 0.126042 0.068750 0.131250
7 0.272656 0.126042 0.067187 0.135417
9 0.375781 0.125000 0.067187 0.137500
0 0.171875 0.126042 0.065625 0.135417
7 0.489844 0.697917 0.070312 0.133333
2 0.433594 0.698958 0.070312 0.135417
9 0.375000 0.702083 0.071875 0.133333
7 0.274219 0.704167 0.067187 0.137500
0 0.172656 0.705208 0.064062 0.135417
0 0.114844 0.710417 0.070312 0.133333
5 0.056250 0.713542 0.065625 0.139583
1 0.224219 0.126042 0.057813 0.131250
1 0.325000 0.125000 0.056250 0.137500
1 0.225000 0.706250 0.056250 0.133333
1 0.325000 0.702083 0.056250 0.137500
