0 0.439844 0.140625 0.057813 0.114583
2 0.385937 0.142708 0.062500 0.114583
9 0.332813 0.142708 0.056250 0.114583
9 0.282031 0.144792 0.054688 0.114583
0 0.231250 0.148958 0.056250 0.118750
1 0.185938 0.148958 0.046875 0.118750
0 0.087500 0.154167 0.059375 0.120833
0 0.139844 0.152083 0.060937 0.116667
5 0.033594 0.153125 0.057813 0.118750
0 0.448437 0.650000 0.059375 0.116667
2 0.396094 0.654167 0.064062 0.120833
9 0.341406 0.655208 0.057813 0.118750
9 0.291406 0.657292 0.057813 0.118750
0 0.238281 0.662500 0.060937 0.120833
1 0.192188 0.665625 0.050000 0.122917
0 0.145313 0.666667 0.059375 0.116667
0 0.092188 0.670833 0.062500 0.120833
5 0.039062 0.673958 0.059375 0.118750
