0 0.651563 0.258333 0.050000 0.104167
0 0.605469 0.260417 0.051562 0.104167
8 0.558594 0.261458 0.054688 0.106250
2 0.512500 0.263542 0.053125 0.110417
5 0.302344 0.268750 0.051562 0.108333
1 0.471875 0.265625 0.040625 0.106250
0 0.349219 0.266667 0.054688 0.108333
0 0.396094 0.266667 0.051562 0.104167
1 0.439063 0.266667 0.043750 0.104167
0 0.667188 0.585417 0.053125 0.104167
0 0.619531 0.586458 0.051562 0.106250
8 0.573438 0.589583 0.053125 0.108333
2 0.527344 0.590625 0.054688 0.110417
1 0.485938 0.592708 0.043750 0.106250
1 0.452344 0.595833 0.039062 0.108333
0 0.412500 0.595833 0.053125 0.108333
0 0.363281 0.597917 0.054688 0.108333
5 0.316406 0.598958 0.054688 0.110417
0 0.684375 0.919792 0.046875 0.106250
0 0.637500 0.921875 0.050000 0.110417
8 0.590625 0.925000 0.053125 0.108333
2 0.542969 0.927083 0.054688 0.112500
1 0.503906 0.928125 0.042188 0.114583
1 0.467187 0.930208 0.043750 0.110417
5 0.328125 0.936458 0.053125 0.114583
0 0.424219 0.932292 0.054688 0.114583
0 0.375781 0.933333 0.054688 0.116667
