0 0.445312 0.276042 0.046875 0.102083
0 0.402344 0.279167 0.051562 0.100000
8 0.357812 0.281250 0.050000 0.100000
2 0.314844 0.282292 0.054688 0.102083
1 0.275781 0.285417 0.042188 0.104167
5 0.114062 0.287500 0.050000 0.100000
0 0.205469 0.288542 0.048438 0.097917
0 0.160156 0.288542 0.051562 0.102083
1 0.243750 0.286458 0.037500 0.106250
0 0.449219 0.585417 0.042188 0.100000
0 0.405469 0.586458 0.051562 0.102083
8 0.361719 0.588542 0.051562 0.102083
2 0.317969 0.590625 0.054688 0.102083
1 0.279687 0.593750 0.040625 0.100000
1 0.248438 0.595833 0.043750 0.100000
0 0.208594 0.594792 0.054688 0.102083
0 0.162500 0.598958 0.053125 0.102083
5 0.115625 0.600000 0.053125 0.104167
0 0.454688 0.903125 0.050000 0.102083
0 0.410938 0.905208 0.050000 0.102083
8 0.366406 0.906250 0.051562 0.104167
2 0.320312 0.909375 0.056250 0.106250
1 0.282031 0.911458 0.042188 0.102083
1 0.250000 0.910417 0.043750 0.108333
0 0.208594 0.915625 0.054688 0.106250
0 0.161719 0.916667 0.051562 0.108333
5 0.114844 0.918750 0.051562 0.108333
