5 0.040625 0.191667 0.052083 0.108333
0 0.090104 0.190972 0.053125 0.106944
0 0.136458 0.191667 0.050000 0.105556
1 0.178125 0.190972 0.043750 0.109722
2 0.218229 0.194444 0.053125 0.105556
5 0.263542 0.193750 0.054167 0.106944
5 0.307812 0.193056 0.051042 0.108333
2 0.352083 0.194444 0.052083 0.108333
5 0.395833 0.191667 0.052083 0.105556
5 0.038542 0.652083 0.056250 0.112500
0 0.088021 0.650000 0.055208 0.113889
0 0.135937 0.650000 0.053125 0.108333
1 0.177083 0.648611 0.045833 0.108333
2 0.218750 0.650000 0.056250 0.108333
5 0.264062 0.647917 0.055208 0.109722
5 0.307292 0.647222 0.054167 0.105556
2 0.352604 0.645833 0.055208 0.102778
5 0.395833 0.645833 0.050000 0.105556
