0 0.912500 0.134375 0.059375 0.114583
2 0.859375 0.140625 0.062500 0.114583
9 0.805469 0.140625 0.054688 0.114583
9 0.755469 0.144792 0.057813 0.114583
0 0.704688 0.151042 0.056250 0.114583
1 0.661719 0.152083 0.045312 0.112500
0 0.617188 0.156250 0.056250 0.112500
0 0.566406 0.158333 0.057813 0.112500
5 0.516406 0.160417 0.057813 0.112500
9 0.822656 0.655208 0.057813 0.114583
0 0.931250 0.653125 0.056250 0.114583
2 0.876563 0.653125 0.059375 0.114583
9 0.771875 0.657292 0.056250 0.110417
0 0.719531 0.663542 0.057813 0.114583
1 0.674219 0.664583 0.048438 0.112500
5 0.527344 0.670833 0.057813 0.112500
0 0.578906 0.667708 0.060937 0.118750
0 0.629687 0.664583 0.056250 0.116667
