0 0.901563 0.262500 0.053125 0.104167
0 0.852344 0.261458 0.054688 0.102083
8 0.807031 0.265625 0.051562 0.110417
2 0.760938 0.268750 0.053125 0.108333
1 0.720313 0.270833 0.040625 0.104167
5 0.553906 0.273958 0.051562 0.110417
0 0.600781 0.275000 0.051562 0.108333
0 0.647656 0.271875 0.051562 0.106250
1 0.689844 0.270833 0.042188 0.104167
0 0.917969 0.587500 0.051562 0.100000
0 0.870313 0.588542 0.053125 0.102083
8 0.822656 0.590625 0.051562 0.110417
2 0.777344 0.592708 0.051562 0.110417
1 0.737500 0.594792 0.040625 0.102083
0 0.617188 0.598958 0.050000 0.106250
0 0.661719 0.596875 0.051562 0.106250
5 0.569531 0.601042 0.051562 0.110417
0 0.940625 0.921875 0.053125 0.110417
0 0.892188 0.921875 0.053125 0.106250
8 0.845313 0.922917 0.050000 0.116667
2 0.797656 0.923958 0.054688 0.114583
1 0.722656 0.928125 0.045312 0.110417
1 0.755469 0.926042 0.045312 0.110417
5 0.585938 0.932292 0.053125 0.114583
0 0.632812 0.931250 0.053125 0.116667
0 0.679688 0.930208 0.050000 0.110417
1 0.722656 0.930208 0.045312 0.110417
1 0.704688 0.594792 0.043750 0.110417
