0 0.921094 0.303125 0.045312 0.102083
0 0.875781 0.304167 0.048438 0.100000
8 0.832812 0.306250 0.053125 0.108333
5 0.595313 0.307292 0.046875 0.102083
0 0.639062 0.308333 0.046875 0.100000
1 0.751563 0.307292 0.037500 0.097917
1 0.720313 0.307292 0.037500 0.097917
2 0.789062 0.307292 0.046875 0.102083
0 0.681250 0.308333 0.043750 0.100000
1 0.750781 0.307292 0.035937 0.097917
8 0.835938 0.608333 0.050000 0.100000
0 0.925781 0.609375 0.051562 0.102083
0 0.881250 0.608333 0.050000 0.104167
5 0.597656 0.609375 0.048438 0.097917
0 0.640625 0.609375 0.046875 0.097917
2 0.792969 0.609375 0.048438 0.097917
0 0.685156 0.610417 0.048438 0.100000
1 0.755469 0.610417 0.039062 0.095833
1 0.723437 0.611458 0.037500 0.097917
5 0.607031 0.919792 0.048438 0.106250
0 0.652344 0.920833 0.048438 0.104167
0 0.696094 0.922917 0.048438 0.104167
1 0.767969 0.923958 0.039062 0.102083
2 0.805469 0.925000 0.045312 0.108333
8 0.851562 0.923958 0.050000 0.110417
0 0.897656 0.925000 0.048438 0.104167
0 0.942969 0.925000 0.045312 0.108333
1 0.734375 0.921875 0.040625 0.102083
