0 0.506250 0.288542 0.059375 0.114583
2 0.453125 0.291667 0.059375 0.116667
9 0.401562 0.291667 0.056250 0.116667
9 0.352344 0.294792 0.057813 0.114583
0 0.301563 0.298958 0.059375 0.118750
1 0.256250 0.300000 0.043750 0.120833
0 0.211719 0.301042 0.057813 0.118750
0 0.159375 0.304167 0.059375 0.120833
5 0.106250 0.304167 0.062500 0.120833
0 0.527344 0.798958 0.060937 0.118750
2 0.475781 0.803125 0.064062 0.118750
9 0.421875 0.804167 0.056250 0.116667
9 0.371875 0.806250 0.059375 0.116667
0 0.319531 0.811458 0.060937 0.118750
1 0.273438 0.814583 0.046875 0.120833
0 0.175000 0.820833 0.062500 0.125000
0 0.227344 0.816667 0.060937 0.125000
5 0.121094 0.823958 0.060937 0.127083
