0 0.094531 0.322917 0.060937 0.125000
9 0.290625 0.323958 0.059375 0.118750
5 0.040625 0.321875 0.062500 0.118750
0 0.449219 0.325000 0.064062 0.120833
0 0.239844 0.325000 0.060937 0.120833
9 0.341406 0.325000 0.057813 0.116667
1 0.193750 0.323958 0.046875 0.118750
0 0.146875 0.322917 0.059375 0.116667
2 0.395313 0.327083 0.062500 0.116667
0 0.454688 0.846875 0.056250 0.118750
2 0.400000 0.846875 0.062500 0.118750
9 0.346094 0.843750 0.057813 0.120833
9 0.293750 0.847917 0.056250 0.116667
1 0.193750 0.851042 0.050000 0.118750
5 0.037500 0.851042 0.059375 0.118750
0 0.092969 0.850000 0.060937 0.120833
0 0.240625 0.851042 0.059375 0.118750
0 0.146875 0.851042 0.059375 0.122917
1 0.193750 0.848958 0.050000 0.118750
