5 0.426563 0.211458 0.056250 0.118750
0 0.477344 0.213542 0.054688 0.114583
0 0.526563 0.216667 0.053125 0.112500
1 0.568750 0.219792 0.043750 0.114583
0 0.614062 0.220833 0.056250 0.112500
9 0.662500 0.218750 0.056250 0.116667
2 0.764062 0.223958 0.062500 0.118750
0 0.817187 0.226042 0.062500 0.114583
9 0.712500 0.221875 0.053125 0.114583
5 0.421875 0.718750 0.059375 0.116667
0 0.471875 0.721875 0.059375 0.122917
0 0.522656 0.723958 0.057813 0.118750
1 0.567969 0.726042 0.045312 0.114583
0 0.612500 0.729167 0.059375 0.116667
9 0.661719 0.729167 0.057813 0.112500
9 0.712500 0.729167 0.053125 0.116667
2 0.765625 0.734375 0.062500 0.118750
0 0.818750 0.735417 0.059375 0.120833
