5 0.085156 0.204167 0.054688 0.112500
0 0.136719 0.207292 0.057813 0.114583
0 0.189062 0.210417 0.056250 0.116667
1 0.234375 0.214583 0.043750 0.116667
0 0.279687 0.217708 0.056250 0.114583
9 0.329688 0.217708 0.059375 0.114583
9 0.378906 0.220833 0.054688 0.116667
2 0.430469 0.225000 0.060937 0.112500
0 0.485156 0.227083 0.057813 0.112500
5 0.059375 0.722917 0.059375 0.116667
0 0.111719 0.725000 0.057813 0.120833
0 0.164844 0.727083 0.057813 0.112500
1 0.210938 0.729167 0.046875 0.116667
0 0.258594 0.730208 0.060937 0.114583
9 0.309375 0.730208 0.059375 0.114583
1 0.212500 0.730208 0.046875 0.114583
9 0.360156 0.732292 0.057813 0.114583
2 0.412500 0.736458 0.062500 0.114583
0 0.465625 0.737500 0.059375 0.116667
