8 0.827344 0.288542 0.045312 0.097917
0 0.917188 0.286458 0.043750 0.097917
5 0.581250 0.288542 0.043750 0.102083
0 0.872656 0.286458 0.045312 0.097917
0 0.626563 0.289583 0.046875 0.104167
0 0.671094 0.287500 0.045312 0.100000
2 0.782031 0.289583 0.045312 0.104167
1 0.712500 0.289583 0.040625 0.104167
1 0.742969 0.290625 0.039062 0.102083
5 0.580469 0.603125 0.048438 0.102083
0 0.921094 0.602083 0.045312 0.104167
0 0.625781 0.603125 0.048438 0.102083
0 0.671875 0.603125 0.046875 0.097917
8 0.829688 0.603125 0.050000 0.106250
0 0.875781 0.602083 0.045312 0.100000
1 0.744531 0.602083 0.039062 0.104167
2 0.783594 0.603125 0.048438 0.106250
1 0.711719 0.602083 0.039062 0.100000
5 0.580469 0.922917 0.045312 0.108333
0 0.625781 0.927083 0.051562 0.108333
0 0.672656 0.927083 0.048438 0.104167
0 0.925000 0.927083 0.046875 0.112500
8 0.832031 0.928125 0.048438 0.106250
0 0.878125 0.929167 0.046875 0.108333
1 0.714063 0.927083 0.040625 0.108333
1 0.746875 0.929167 0.040625 0.108333
2 0.786719 0.928125 0.048438 0.110417
