5 0.172396 0.181250 0.053125 0.109722
0 0.220312 0.181944 0.053125 0.111111
0 0.267188 0.182639 0.051042 0.106944
1 0.307292 0.182639 0.039583 0.106944
2 0.347396 0.184028 0.051042 0.106944
5 0.392188 0.182639 0.048958 0.104167
5 0.435937 0.183333 0.048958 0.105556
2 0.479687 0.184722 0.048958 0.105556
5 0.523438 0.183333 0.048958 0.105556
5 0.168750 0.637500 0.054167 0.111111
0 0.217708 0.636806 0.054167 0.109722
0 0.264062 0.636806 0.053125 0.106944
1 0.304688 0.636111 0.042708 0.108333
2 0.344792 0.635417 0.052083 0.109722
5 0.389583 0.634722 0.052083 0.108333
5 0.433333 0.634028 0.052083 0.106944
2 0.477604 0.634722 0.053125 0.105556
5 0.520833 0.634028 0.050000 0.106944
