7 0.791406 0.117708 0.070312 0.135417
2 0.730469 0.121875 0.070312 0.131250
1 0.521875 0.126042 0.053125 0.135417
9 0.670312 0.122917 0.065625 0.133333
7 0.570312 0.125000 0.065625 0.133333
0 0.471875 0.129167 0.065625 0.133333
0 0.415625 0.129167 0.065625 0.133333
1 0.622656 0.126042 0.057813 0.135417
5 0.358594 0.128125 0.064062 0.131250
7 0.784375 0.697917 0.068750 0.133333
9 0.667188 0.700000 0.065625 0.125000
2 0.725000 0.697917 0.068750 0.129167
7 0.567187 0.702083 0.062500 0.133333
1 0.619531 0.704167 0.060937 0.129167
0 0.471094 0.702083 0.064062 0.129167
0 0.414062 0.703125 0.065625 0.127083
5 0.358594 0.706250 0.064062 0.125000
1 0.518750 0.702083 0.056250 0.133333
