5 0.637500 0.252083 0.043750 0.100000
0 0.681250 0.254167 0.046875 0.100000
0 0.725000 0.256250 0.050000 0.100000
1 0.763281 0.258333 0.042188 0.100000
0 0.967969 0.259375 0.048438 0.102083
1 0.794531 0.258333 0.039062 0.100000
8 0.878125 0.258333 0.050000 0.100000
2 0.833594 0.258333 0.051562 0.104167
0 0.922656 0.258333 0.051562 0.108333
5 0.639062 0.557292 0.046875 0.102083
0 0.682031 0.561458 0.048438 0.097917
0 0.727344 0.561458 0.048438 0.097917
1 0.766406 0.562500 0.039062 0.100000
1 0.798438 0.564583 0.040625 0.100000
2 0.834375 0.566667 0.046875 0.100000
8 0.878906 0.567708 0.048438 0.102083
0 0.971094 0.568750 0.048438 0.104167
0 0.925000 0.568750 0.050000 0.100000
5 0.640625 0.865625 0.046875 0.102083
0 0.684375 0.867708 0.050000 0.097917
0 0.729688 0.870833 0.050000 0.100000
1 0.767969 0.871875 0.039062 0.102083
1 0.800000 0.875000 0.037500 0.100000
8 0.882812 0.878125 0.053125 0.106250
2 0.836719 0.877083 0.048438 0.104167
0 0.928906 0.881250 0.051562 0.104167
0 0.972656 0.883333 0.045312 0.100000
