0 0.635156 0.307292 0.048438 0.097917
5 0.317188 0.308333 0.046875 0.100000
0 0.592187 0.306250 0.046875 0.100000
0 0.359375 0.307292 0.043750 0.093750
8 0.549219 0.307292 0.045312 0.097917
0 0.401562 0.308333 0.043750 0.095833
2 0.507031 0.308333 0.045312 0.100000
1 0.440625 0.309375 0.037500 0.097917
1 0.470313 0.309375 0.034375 0.097917
8 0.549219 0.606250 0.048438 0.100000
0 0.593750 0.606250 0.046875 0.100000
0 0.636719 0.607292 0.048438 0.097917
0 0.357812 0.607292 0.046875 0.097917
5 0.314063 0.608333 0.046875 0.095833
2 0.506250 0.608333 0.046875 0.100000
0 0.401562 0.609375 0.046875 0.102083
1 0.468750 0.609375 0.037500 0.093750
0 0.442188 0.609375 0.040625 0.097917
1 0.440625 0.610417 0.037500 0.095833
0 0.646875 0.916667 0.050000 0.100000
0 0.602344 0.916667 0.048438 0.095833
8 0.558594 0.915625 0.048438 0.102083
0 0.361719 0.916667 0.045312 0.108333
5 0.317188 0.916667 0.050000 0.100000
2 0.514062 0.917708 0.050000 0.110417
0 0.406250 0.917708 0.046875 0.102083
1 0.446094 0.917708 0.035937 0.102083
1 0.476562 0.916667 0.040625 0.100000
