0 0.434375 0.138542 0.056250 0.118750
2 0.380469 0.140625 0.060937 0.118750
9 0.326562 0.141667 0.056250 0.112500
9 0.276562 0.143750 0.056250 0.112500
0 0.225000 0.146875 0.056250 0.118750
0 0.081250 0.151042 0.059375 0.118750
5 0.029687 0.152083 0.056250 0.116667
0 0.133594 0.150000 0.057813 0.116667
0 0.443750 0.651042 0.062500 0.114583
2 0.388281 0.652083 0.060937 0.116667
9 0.336719 0.653125 0.057813 0.114583
9 0.285156 0.655208 0.057813 0.110417
0 0.232031 0.661458 0.060937 0.114583
0 0.087500 0.668750 0.062500 0.116667
1 0.185938 0.664583 0.046875 0.116667
0 0.139844 0.666667 0.057813 0.116667
5 0.032813 0.671875 0.059375 0.114583
1 0.179688 0.147917 0.043750 0.120833
