5 0.175521 0.215972 0.053125 0.101389
0 0.220833 0.218750 0.050000 0.098611
0 0.265625 0.218056 0.050000 0.100000
2 0.309375 0.220139 0.050000 0.098611
8 0.351562 0.218750 0.048958 0.098611
8 0.394271 0.218750 0.048958 0.101389
7 0.436458 0.219444 0.052083 0.100000
5 0.481771 0.220139 0.051042 0.101389
0 0.523958 0.220833 0.052083 0.100000
5 0.182292 0.664583 0.052083 0.104167
0 0.227604 0.665278 0.048958 0.102778
0 0.271875 0.663889 0.050000 0.102778
2 0.315104 0.665278 0.048958 0.102778
8 0.358854 0.663194 0.048958 0.101389
8 0.402083 0.662500 0.050000 0.102778
7 0.445833 0.662500 0.052083 0.102778
5 0.489583 0.661806 0.050000 0.104167
0 0.532813 0.661111 0.051042 0.100000
