5 0.079687 0.125000 0.046875 0.097222
0 0.121875 0.124306 0.047917 0.095833
0 0.163021 0.125000 0.046875 0.097222
2 0.205208 0.128472 0.047917 0.098611
0 0.246875 0.127778 0.047917 0.094444
9 0.288021 0.128472 0.046875 0.098611
9 0.329688 0.128472 0.048958 0.095833
0 0.371875 0.129167 0.050000 0.097222
1 0.409896 0.129861 0.040625 0.095833
5 0.074479 0.406944 0.048958 0.097222
0 0.116146 0.406944 0.048958 0.100000
0 0.158854 0.406944 0.046875 0.097222
2 0.200521 0.408333 0.048958 0.097222
0 0.242188 0.407639 0.048958 0.095833
9 0.283333 0.406944 0.047917 0.097222
9 0.325000 0.406250 0.047917 0.095833
0 0.366667 0.407639 0.047917 0.098611
1 0.406250 0.406944 0.043750 0.094444
5 0.067187 0.690278 0.048958 0.100000
0 0.109375 0.690278 0.050000 0.100000
0 0.151562 0.688889 0.046875 0.097222
2 0.192708 0.688889 0.047917 0.100000
0 0.235937 0.687500 0.048958 0.097222
9 0.277083 0.686806 0.050000 0.098611
9 0.319271 0.686806 0.048958 0.098611
0 0.361979 0.684722 0.048958 0.097222
1 0.401562 0.685417 0.042708 0.098611
