5 0.365104 0.128472 0.044792 0.095833
0 0.405729 0.128472 0.046875 0.095833
0 0.446354 0.129861 0.044792 0.095833
2 0.486979 0.130556 0.046875 0.097222
0 0.527083 0.129861 0.045833 0.095833
9 0.568229 0.129861 0.048958 0.098611
9 0.609896 0.129167 0.048958 0.097222
0 0.651563 0.127778 0.048958 0.094444
1 0.690104 0.127778 0.042708 0.091667
5 0.358333 0.408333 0.045833 0.094444
0 0.398958 0.408333 0.045833 0.094444
0 0.439063 0.406944 0.042708 0.091667
2 0.479687 0.409028 0.046875 0.093056
0 0.519271 0.407639 0.044792 0.090278
9 0.560417 0.406944 0.045833 0.094444
9 0.602083 0.406944 0.045833 0.094444
0 0.644792 0.405556 0.047917 0.094444
1 0.683854 0.405556 0.042708 0.094444
5 0.352604 0.688889 0.046875 0.097222
0 0.394271 0.687500 0.046875 0.097222
0 0.434896 0.686806 0.044792 0.095833
2 0.475521 0.686806 0.044792 0.095833
0 0.517188 0.686111 0.046875 0.094444
9 0.558333 0.686111 0.045833 0.094444
9 0.598958 0.686111 0.047917 0.097222
0 0.641667 0.685417 0.047917 0.095833
1 0.681250 0.685417 0.043750 0.093056
