2 0.2129 0.0291 0.0254 0.0494
0 0.2363 0.0294 0.0236 0.0476
9 0.2599 0.0298 0.0238 0.0471
0 0.1897 0.0299 0.0235 0.0473
9 0.28300000000000003 0.0299 0.0239 0.0466
0 0.3068 0.0301 0.0254 0.048
0 0.1668 0.0305 0.0235 0.0486
1 0.32899999999999996 0.0306 0.0205 0.0496
5 0.1435 0.0308 0.0242 0.0475
5 0.1452 0.1888 0.0236 0.0466
0 0.1684 0.1891 0.0233 0.0476
0 0.1908 0.1892 0.0239 0.0479
0 0.2373 0.1895 0.0224 0.048
2 0.2139 0.1897 0.0253 0.0482
9 0.2606 0.1899 0.0227 0.0488
9 0.2834 0.1902 0.0229 0.0476
0 0.3063 0.1905 0.0244 0.0494
1 0.3284 0.1909 0.0201 0.0485
5 0.1453 0.3437 0.023 0.0456
0 0.1687 0.3441 0.0229 0.0466
0 0.1904 0.3443 0.0242 0.048
0 0.2368 0.3447 0.0234 0.0459
9 0.2606 0.3448 0.0225 0.0449
2 0.213 0.3449 0.0252 0.0479
9 0.2825 0.3449 0.0226 0.0432
0 0.305 0.3452 0.0245 0.0462
1 0.3273 0.3455 0.0215 0.0447
0 0.306 0.496 0.024 0.0464
0 0.2383 0.4961 0.0216 0.0458
9 0.2838 0.4961 0.0217 0.0445
9 0.2615 0.4963 0.0224 0.0456
5 0.147 0.4965 0.0242 0.0455
1 0.32799999999999996 0.4965 0.0204 0.0448
0 0.1927 0.4966 0.0222 0.0451
0 0.1701 0.4969 0.024 0.0471
2 0.2155 0.4970000000000001 0.0248 0.0466
0 0.305 0.6436 0.0239 0.0454
1 0.3261 0.6437 0.0207 0.0439
0 0.2378 0.6439 0.0221 0.0448
9 0.2824 0.6439 0.022000000000000002 0.0436
0 0.193 0.644 0.0234 0.0449
2 0.2152 0.644 0.0246 0.0464
9 0.261 0.644 0.0215 0.0453
5 0.1502 0.6451 0.0225 0.0439
0 0.1715 0.6456 0.0232 0.0444
1 0.324 0.787 0.0186 0.0443
0 0.3042 0.7873 0.0229 0.0433
9 0.2595 0.7874 0.0222 0.0451
9 0.2816 0.7874 0.0223 0.0438
0 0.2367 0.7876 0.0213 0.0447
5 0.1503 0.7878 0.0213 0.0432
0 0.193 0.7879 0.0228 0.0425
2 0.2155 0.7879 0.0249 0.0455
0 0.1713 0.7879999999999999 0.0225 0.0453
9 0.2803 0.9269 0.0227 0.0426
1 0.3221 0.9269 0.0201 0.0434
0 0.2366 0.9272 0.0226 0.0454
9 0.2587 0.9272 0.0218 0.0442
0 0.3025 0.9272 0.024 0.0424
5 0.1516 0.9273 0.0231 0.0398
2 0.2143 0.9276 0.0234 0.046
0 0.1718 0.9278 0.0232 0.0427
0 0.1931 0.9278 0.0227 0.0461
