5 0.103125 0.122222 0.045833 0.097222
0 0.143750 0.122222 0.045833 0.094444
0 0.183333 0.123611 0.045833 0.091667
8 0.261979 0.125000 0.044792 0.094444
9 0.301563 0.125694 0.042708 0.095833
8 0.340625 0.125694 0.041667 0.093056
2 0.223958 0.125000 0.045833 0.094444
2 0.380208 0.127083 0.043750 0.095833
1 0.415104 0.127778 0.036458 0.097222
5 0.104688 0.397917 0.046875 0.095833
0 0.144792 0.397917 0.045833 0.095833
2 0.382292 0.397917 0.045833 0.095833
8 0.343229 0.397222 0.044792 0.094444
8 0.264062 0.398611 0.042708 0.091667
9 0.304167 0.398611 0.043750 0.094444
0 0.184896 0.397917 0.044792 0.093056
1 0.416667 0.398611 0.035417 0.094444
2 0.224479 0.398611 0.046875 0.094444
1 0.414062 0.675000 0.038542 0.097222
2 0.377083 0.675000 0.045833 0.097222
8 0.338021 0.675000 0.044792 0.094444
9 0.298438 0.675694 0.044792 0.095833
8 0.258333 0.675694 0.045833 0.095833
0 0.177604 0.676389 0.044792 0.094444
2 0.218750 0.677778 0.047917 0.097222
0 0.136979 0.677778 0.044792 0.094444
5 0.096354 0.678472 0.046875 0.095833
1 0.415625 0.956944 0.041667 0.086111
2 0.377083 0.956250 0.045833 0.087500
8 0.335938 0.956250 0.046875 0.087500
9 0.296354 0.957639 0.046875 0.084722
5 0.090104 0.961111 0.048958 0.077778
8 0.255208 0.958333 0.045833 0.083333
0 0.173958 0.959028 0.047917 0.081944
2 0.214062 0.959028 0.046875 0.081944
0 0.132812 0.959028 0.046875 0.081944
