5 0.078646 0.213889 0.046875 0.097222
0 0.122396 0.215972 0.046875 0.101389
0 0.168229 0.218056 0.046875 0.102778
2 0.212500 0.220139 0.045833 0.101389
2 0.258333 0.222222 0.047917 0.100000
7 0.305729 0.223611 0.051042 0.100000
4 0.351562 0.224306 0.051042 0.101389
9 0.397396 0.227083 0.044792 0.101389
1 0.437500 0.227083 0.041667 0.101389
5 0.055208 0.664583 0.047917 0.101389
0 0.101042 0.665972 0.047917 0.104167
0 0.147396 0.666667 0.046875 0.105556
2 0.192188 0.668056 0.046875 0.102778
2 0.238542 0.667361 0.047917 0.101389
7 0.288542 0.667361 0.054167 0.101389
4 0.334896 0.669444 0.055208 0.105556
9 0.381771 0.670833 0.046875 0.102778
1 0.422396 0.670139 0.040625 0.104167
