4 0.517969 0.143750 0.079687 0.137500
2 0.273438 0.148958 0.068750 0.135417
6 0.330469 0.147917 0.064062 0.133333
9 0.452344 0.145833 0.067187 0.133333
0 0.153906 0.146875 0.067187 0.135417
0 0.095312 0.146875 0.068750 0.135417
7 0.390625 0.145833 0.071875 0.133333
2 0.213281 0.148958 0.067187 0.135417
5 0.035937 0.145833 0.065625 0.133333
4 0.526563 0.709375 0.075000 0.135417
6 0.343750 0.719792 0.062500 0.131250
7 0.403125 0.716667 0.068750 0.133333
2 0.288281 0.722917 0.067187 0.133333
2 0.230469 0.723958 0.067187 0.127083
0 0.171094 0.727083 0.064062 0.129167
0 0.112500 0.728125 0.065625 0.127083
5 0.052344 0.730208 0.067187 0.135417
9 0.464844 0.715625 0.064062 0.131250
