5 0.063542 0.206250 0.052083 0.106944
0 0.109375 0.207639 0.052083 0.109722
0 0.156250 0.209028 0.052083 0.106944
2 0.201563 0.209722 0.051042 0.108333
2 0.248438 0.211806 0.053125 0.106944
7 0.296354 0.210417 0.055208 0.104167
4 0.343229 0.210417 0.055208 0.109722
9 0.390104 0.211806 0.048958 0.104167
1 0.431771 0.209028 0.042708 0.104167
5 0.053125 0.665972 0.050000 0.106944
0 0.098958 0.667361 0.052083 0.109722
0 0.146875 0.665972 0.052083 0.106944
2 0.193229 0.665972 0.053125 0.106944
2 0.239063 0.666667 0.055208 0.108333
7 0.288021 0.661806 0.057292 0.106944
4 0.336458 0.663194 0.056250 0.104167
9 0.382812 0.663194 0.046875 0.104167
1 0.425000 0.660417 0.041667 0.106944
