5 0.315625 0.209028 0.052083 0.104167
0 0.359896 0.209028 0.051042 0.101389
0 0.404687 0.207639 0.051042 0.101389
2 0.447917 0.207639 0.050000 0.104167
8 0.490625 0.205556 0.050000 0.102778
8 0.533854 0.204167 0.051042 0.102778
7 0.576562 0.203472 0.053125 0.104167
5 0.621354 0.202778 0.051042 0.102778
0 0.665104 0.199306 0.051042 0.101389
5 0.331250 0.659028 0.052083 0.104167
0 0.376042 0.656944 0.050000 0.102778
0 0.418750 0.655556 0.052083 0.102778
2 0.463542 0.655556 0.050000 0.102778
8 0.506771 0.652083 0.051042 0.101389
8 0.548958 0.651389 0.052083 0.102778
7 0.593229 0.650694 0.053125 0.104167
5 0.636979 0.649306 0.051042 0.104167
0 0.680729 0.647917 0.053125 0.104167
