5 0.132292 0.248438 0.068750 0.084375
0 0.191667 0.249219 0.066667 0.079687
0 0.250000 0.247656 0.066667 0.079687
2 0.307292 0.249219 0.064583 0.079687
8 0.365625 0.247656 0.064583 0.076563
9 0.423958 0.248438 0.064583 0.078125
8 0.481250 0.246094 0.066667 0.079687
2 0.539583 0.246094 0.066667 0.079687
1 0.592708 0.246094 0.056250 0.076563
5 0.144792 0.478906 0.072917 0.079687
0 0.204167 0.479687 0.066667 0.078125
0 0.262500 0.478906 0.066667 0.079687
2 0.320833 0.478906 0.066667 0.079687
8 0.378125 0.477344 0.064583 0.079687
9 0.436458 0.477344 0.064583 0.079687
8 0.492708 0.476562 0.064583 0.078125
2 0.551042 0.477344 0.064583 0.079687
1 0.605208 0.475781 0.060417 0.076563
5 0.150000 0.712500 0.075000 0.081250
0 0.210417 0.711719 0.066667 0.079687
0 0.269792 0.711719 0.068750 0.079687
2 0.330208 0.710156 0.068750 0.079687
8 0.386458 0.708594 0.064583 0.079687
9 0.445833 0.708594 0.066667 0.079687
8 0.504167 0.707031 0.066667 0.079687
2 0.562500 0.707812 0.066667 0.081250
1 0.617708 0.707812 0.060417 0.081250
5 0.147917 0.951562 0.075000 0.087500
0 0.207292 0.950781 0.068750 0.082812
0 0.267708 0.949219 0.068750 0.082812
2 0.329167 0.949219 0.070833 0.085938
8 0.386458 0.947656 0.068750 0.082812
9 0.445833 0.947656 0.066667 0.082812
8 0.505208 0.946094 0.068750 0.082812
2 0.565625 0.946875 0.068750 0.081250
1 0.619792 0.946875 0.068750 0.084375
