5 0.246354 0.080556 0.046875 0.100000
0 0.286458 0.081944 0.047917 0.097222
0 0.327604 0.082639 0.046875 0.098611
8 0.407813 0.082639 0.044792 0.101389
8 0.488021 0.082639 0.044792 0.095833
9 0.447396 0.082639 0.044792 0.101389
2 0.368229 0.081944 0.046875 0.100000
2 0.529167 0.084722 0.045833 0.100000
1 0.563542 0.083333 0.039583 0.100000
1 0.570833 0.365278 0.037500 0.097222
2 0.534375 0.365972 0.047917 0.098611
5 0.253125 0.363889 0.047917 0.102778
8 0.493229 0.365278 0.044792 0.097222
0 0.293229 0.365972 0.046875 0.095833
0 0.333854 0.365278 0.044792 0.094444
8 0.413542 0.364583 0.045833 0.098611
9 0.454167 0.365278 0.047917 0.097222
2 0.373437 0.365972 0.046875 0.098611
8 0.500000 0.645833 0.045833 0.097222
8 0.419271 0.647917 0.046875 0.098611
9 0.460417 0.647917 0.047917 0.098611
2 0.540625 0.647917 0.047917 0.095833
1 0.577083 0.646528 0.039583 0.098611
5 0.257292 0.650694 0.047917 0.104167
0 0.339062 0.649306 0.046875 0.095833
2 0.380208 0.649306 0.047917 0.098611
0 0.298958 0.650000 0.045833 0.094444
8 0.425000 0.936806 0.045833 0.104167
8 0.505729 0.935417 0.046875 0.104167
9 0.465104 0.936806 0.046875 0.101389
2 0.546354 0.936111 0.048958 0.102778
2 0.384375 0.938194 0.050000 0.104167
1 0.583333 0.938194 0.041667 0.104167
0 0.342708 0.938194 0.045833 0.101389
0 0.302083 0.937500 0.047917 0.100000
5 0.260937 0.938889 0.048958 0.105556
