1 0.545833 0.114583 0.039583 0.095833
2 0.509896 0.115278 0.046875 0.094444
8 0.470313 0.114583 0.044792 0.093056
9 0.432292 0.115972 0.043750 0.093056
8 0.392188 0.118750 0.044792 0.095833
2 0.353125 0.119444 0.045833 0.094444
0 0.313021 0.120139 0.044792 0.093056
5 0.233333 0.121528 0.045833 0.098611
0 0.273438 0.120139 0.044792 0.093056
1 0.553125 0.390278 0.037500 0.091667
2 0.518229 0.391667 0.046875 0.094444
8 0.478646 0.393056 0.044792 0.097222
9 0.439063 0.393750 0.044792 0.095833
8 0.399479 0.395139 0.044792 0.095833
2 0.360417 0.396528 0.045833 0.093056
0 0.321354 0.397917 0.046875 0.093056
0 0.281771 0.398611 0.044792 0.091667
5 0.241146 0.400000 0.044792 0.097222
1 0.556771 0.668750 0.042708 0.095833
2 0.519792 0.670139 0.047917 0.095833
8 0.480208 0.671528 0.043750 0.093056
9 0.440104 0.672917 0.044792 0.095833
8 0.400521 0.675000 0.044792 0.097222
2 0.360938 0.677083 0.046875 0.095833
0 0.320312 0.678472 0.044792 0.093056
0 0.281250 0.678472 0.045833 0.093056
5 0.240625 0.680556 0.045833 0.097222
1 0.564583 0.952083 0.041667 0.095833
2 0.527604 0.954167 0.048958 0.091667
8 0.486458 0.954167 0.047917 0.091667
9 0.446354 0.956250 0.046875 0.087500
8 0.405208 0.956250 0.047917 0.087500
2 0.365625 0.956944 0.047917 0.086111
5 0.243750 0.960417 0.047917 0.079167
0 0.325521 0.959028 0.046875 0.081944
0 0.283854 0.959028 0.046875 0.081944
