5 0.352604 0.197222 0.051042 0.102778
0 0.396354 0.200000 0.051042 0.102778
0 0.439583 0.200694 0.047917 0.101389
2 0.482292 0.204167 0.047917 0.102778
8 0.523958 0.204167 0.047917 0.102778
8 0.566667 0.204861 0.047917 0.101389
7 0.610938 0.207639 0.053125 0.101389
5 0.654167 0.207639 0.050000 0.101389
0 0.696354 0.207639 0.048958 0.098611
5 0.351562 0.640278 0.051042 0.102778
0 0.395833 0.641667 0.050000 0.105556
0 0.438542 0.643750 0.047917 0.104167
2 0.482292 0.644444 0.047917 0.105556
8 0.525521 0.643750 0.048958 0.101389
8 0.568229 0.645139 0.051042 0.104167
7 0.611458 0.647917 0.052083 0.106944
5 0.655729 0.648611 0.051042 0.102778
0 0.697917 0.651389 0.050000 0.105556
