5 0.471875 0.209722 0.045833 0.102778
0 0.516667 0.209722 0.047917 0.105556
0 0.560417 0.210417 0.045833 0.104167
2 0.603646 0.210417 0.048958 0.104167
2 0.648958 0.209028 0.052083 0.104167
7 0.698958 0.207639 0.056250 0.106944
4 0.744792 0.206250 0.056250 0.106944
9 0.794271 0.206944 0.051042 0.105556
1 0.838021 0.204167 0.051042 0.111111
5 0.472917 0.663194 0.047917 0.104167
0 0.517188 0.664583 0.051042 0.109722
0 0.561458 0.664583 0.047917 0.106944
2 0.607292 0.663194 0.050000 0.104167
2 0.653125 0.662500 0.052083 0.105556
7 0.700521 0.661806 0.055208 0.106944
4 0.750000 0.661111 0.056250 0.105556
9 0.797917 0.661806 0.054167 0.106944
1 0.840625 0.660417 0.047917 0.106944
