5 0.314887 0.094039 0.019097 0.037037
0 0.331489 0.093895 0.018012 0.037905
0 0.348633 0.094763 0.017144 0.037326
9 0.398329 0.096933 0.018012 0.040509
0 0.447374 0.099682 0.018012 0.039641
2 0.430230 0.099103 0.019748 0.040220
5 0.312500 0.210793 0.018663 0.038484
0 0.329102 0.212674 0.018446 0.038194
2 0.361871 0.214120 0.019314 0.039352
8 0.410590 0.214988 0.017361 0.038773
9 0.394748 0.214988 0.016493 0.038194
2 0.426432 0.216435 0.019097 0.040509
0 0.443359 0.216725 0.017795 0.038194
5 0.314128 0.326678 0.018012 0.037037
0 0.329970 0.327402 0.019314 0.036169
2 0.361762 0.328704 0.017795 0.037037
8 0.378689 0.329572 0.017795 0.038773
9 0.394423 0.329716 0.017578 0.037905
8 0.410156 0.330150 0.017795 0.039352
0 0.441732 0.331453 0.018446 0.038484
5 0.312283 0.438368 0.019531 0.037616
0 0.328559 0.437789 0.018663 0.038773
2 0.360786 0.439959 0.018880 0.037326
9 0.391927 0.439236 0.017795 0.037037
0 0.438585 0.441262 0.017795 0.035880
5 0.311740 0.545718 0.019314 0.036458
0 0.327474 0.545573 0.017361 0.035012
2 0.359049 0.546007 0.018446 0.037616
8 0.374566 0.545284 0.018229 0.036169
0 0.431641 0.648438 0.018229 0.037616
5 0.309896 0.649450 0.017361 0.035590
9 0.386176 0.649450 0.017144 0.036748
8 0.371094 0.648727 0.017795 0.037037
0 0.340386 0.650318 0.017578 0.037326
2 0.356011 0.649450 0.018446 0.035590
0 0.428602 0.750000 0.017795 0.037037
2 0.413411 0.750723 0.017795 0.036169
8 0.398980 0.750000 0.018012 0.037616
9 0.383681 0.749566 0.017795 0.034433
0 0.324002 0.751447 0.017795 0.034722
2 0.354275 0.751736 0.018012 0.034722
0 0.338650 0.751302 0.017578 0.033275
2 0.411675 0.847367 0.017361 0.033275
8 0.397027 0.846933 0.017578 0.035301
9 0.382595 0.847946 0.016927 0.033854
0 0.323459 0.848814 0.017578 0.032118
0 0.337891 0.849103 0.016059 0.034433
2 0.352973 0.848669 0.017578 0.033565
0 0.424479 0.941840 0.016059 0.033565
5 0.308377 0.944010 0.017361 0.033275
0 0.323351 0.943287 0.016493 0.031829
2 0.352648 0.942708 0.016493 0.032986
0 0.338108 0.944010 0.016927 0.032697
0 0.325195 0.650029 0.017578 0.037326
2 0.365234 0.096065 0.019531 0.039352
8 0.382270 0.097078 0.018012 0.039062
8 0.414388 0.098235 0.018880 0.039641
0 0.345595 0.213831 0.017144 0.041088
8 0.378472 0.214844 0.017795 0.040220
0 0.346680 0.328414 0.018446 0.039352
2 0.425456 0.331887 0.018012 0.039931
0 0.344944 0.439236 0.018446 0.037037
8 0.376736 0.439236 0.018229 0.038194
8 0.407769 0.439959 0.017795 0.037326
2 0.422960 0.441262 0.017361 0.037616
0 0.343533 0.546007 0.019531 0.035301
9 0.389648 0.545428 0.018446 0.035301
8 0.405490 0.545573 0.018446 0.034433
2 0.420464 0.546441 0.016276 0.034433
0 0.435764 0.546152 0.016927 0.034433
8 0.401259 0.649740 0.017361 0.035590
2 0.416450 0.648727 0.017361 0.037616
5 0.309136 0.751591 0.016276 0.034433
8 0.368815 0.750579 0.016710 0.035301
5 0.308919 0.848958 0.016710 0.032986
8 0.367947 0.848380 0.017578 0.034722
0 0.426324 0.846788 0.015408 0.033275
8 0.366862 0.943287 0.016276 0.032986
9 0.381076 0.942419 0.016927 0.033565
8 0.395616 0.942419 0.016059 0.033565
2 0.409831 0.942419 0.016276 0.033565
