5 0.040625 0.063194 0.047917 0.095833
0 0.082812 0.063889 0.046875 0.097222
0 0.125521 0.065278 0.048958 0.097222
2 0.166146 0.068056 0.048958 0.100000
3 0.207292 0.070139 0.045833 0.095833
7 0.249479 0.068750 0.051042 0.095833
0 0.296354 0.071528 0.048958 0.098611
5 0.337500 0.072222 0.045833 0.097222
1 0.380208 0.072917 0.047917 0.098611
5 0.047396 0.348611 0.051042 0.100000
0 0.090625 0.350000 0.050000 0.100000
0 0.134375 0.352083 0.047917 0.098611
2 0.175521 0.353472 0.048958 0.098611
7 0.259375 0.353472 0.054167 0.098611
0 0.305208 0.354167 0.050000 0.100000
3 0.216146 0.354167 0.046875 0.097222
5 0.345833 0.355556 0.045833 0.097222
1 0.388021 0.354861 0.046875 0.098611
0 0.294271 0.638194 0.048958 0.101389
7 0.247396 0.637500 0.055208 0.097222
5 0.334896 0.637500 0.046875 0.100000
5 0.032292 0.637500 0.054167 0.102778
3 0.204687 0.639583 0.046875 0.098611
2 0.163542 0.639583 0.050000 0.098611
0 0.079167 0.638194 0.052083 0.101389
0 0.120833 0.638889 0.050000 0.100000
1 0.378646 0.638194 0.048958 0.101389
0 0.282292 0.930556 0.050000 0.105556
5 0.323958 0.930556 0.047917 0.102778
7 0.234896 0.929861 0.055208 0.101389
1 0.368750 0.929167 0.054167 0.108333
5 0.022917 0.932639 0.043750 0.101389
3 0.191667 0.933333 0.050000 0.102778
0 0.063542 0.932639 0.052083 0.101389
0 0.106771 0.933333 0.051042 0.102778
2 0.150000 0.933333 0.052083 0.100000
