5 0.274479 0.129167 0.046875 0.094444
0 0.314583 0.129861 0.043750 0.090278
0 0.352604 0.131250 0.042708 0.090278
2 0.391146 0.132639 0.044792 0.090278
8 0.429167 0.132639 0.043750 0.090278
9 0.467708 0.133333 0.043750 0.091667
8 0.505729 0.133333 0.042708 0.088889
2 0.544792 0.135417 0.043750 0.093056
1 0.579167 0.135417 0.035417 0.090278
5 0.273958 0.398611 0.043750 0.094444
0 0.313021 0.398611 0.044792 0.094444
0 0.352083 0.400694 0.043750 0.093056
8 0.428125 0.400694 0.043750 0.095833
2 0.390104 0.401389 0.042708 0.091667
9 0.467708 0.401389 0.043750 0.091667
8 0.506250 0.402778 0.045833 0.088889
2 0.544792 0.403472 0.045833 0.093056
1 0.579167 0.403472 0.035417 0.090278
5 0.264583 0.673611 0.045833 0.097222
0 0.304167 0.673611 0.045833 0.094444
0 0.343750 0.674306 0.043750 0.093056
8 0.421875 0.675000 0.045833 0.094444
2 0.383333 0.675694 0.045833 0.095833
9 0.461458 0.675694 0.045833 0.095833
8 0.500521 0.677083 0.044792 0.098611
2 0.541146 0.677778 0.046875 0.094444
1 0.576042 0.679167 0.039583 0.097222
5 0.257292 0.956250 0.047917 0.087500
1 0.576042 0.957639 0.039583 0.084722
2 0.539583 0.956250 0.045833 0.087500
0 0.298438 0.956250 0.046875 0.087500
8 0.498958 0.955556 0.045833 0.088889
0 0.338021 0.955556 0.046875 0.088889
8 0.418229 0.956250 0.046875 0.087500
9 0.459896 0.956250 0.044792 0.087500
2 0.379688 0.956250 0.046875 0.087500
