5 0.026042 0.200694 0.050000 0.104167
0 0.070312 0.204167 0.053125 0.105556
0 0.115104 0.204861 0.053125 0.101389
2 0.160417 0.206250 0.054167 0.106944
8 0.204167 0.206250 0.050000 0.104167
8 0.248438 0.206250 0.051042 0.101389
7 0.292187 0.208333 0.053125 0.105556
5 0.336458 0.207639 0.050000 0.101389
0 0.380208 0.208333 0.050000 0.100000
5 0.028646 0.656250 0.053125 0.104167
0 0.073438 0.656250 0.051042 0.106944
0 0.120833 0.655556 0.052083 0.102778
2 0.165104 0.655556 0.051042 0.105556
8 0.211458 0.654167 0.050000 0.102778
8 0.255208 0.652778 0.050000 0.102778
7 0.299479 0.652083 0.053125 0.104167
5 0.342708 0.652778 0.047917 0.105556
0 0.388021 0.653472 0.051042 0.104167
