5 0.493229 0.212500 0.044792 0.100000
0 0.538021 0.211806 0.046875 0.101389
0 0.582292 0.212500 0.047917 0.102778
2 0.625521 0.213194 0.046875 0.101389
2 0.672396 0.212500 0.051042 0.100000
7 0.720313 0.211806 0.053125 0.101389
4 0.766667 0.210417 0.054167 0.104167
9 0.815104 0.209722 0.048958 0.105556
1 0.858333 0.206250 0.047917 0.106944
5 0.493750 0.663194 0.047917 0.104167
0 0.538542 0.664583 0.047917 0.104167
0 0.582812 0.663889 0.046875 0.102778
2 0.627604 0.663889 0.046875 0.102778
2 0.673438 0.663889 0.051042 0.105556
7 0.721875 0.662500 0.054167 0.108333
4 0.770833 0.661806 0.056250 0.109722
9 0.818229 0.663194 0.048958 0.106944
1 0.864062 0.661806 0.051042 0.109722
