5 0.585417 0.099306 0.045833 0.098611
0 0.544271 0.097222 0.046875 0.100000
1 0.626563 0.097917 0.046875 0.101389
7 0.500000 0.099306 0.050000 0.098611
5 0.295312 0.101389 0.046875 0.097222
0 0.378646 0.101389 0.046875 0.097222
3 0.457813 0.100694 0.044792 0.098611
0 0.335938 0.100694 0.046875 0.098611
2 0.418229 0.100694 0.044792 0.098611
0 0.547396 0.380556 0.046875 0.097222
5 0.587500 0.380556 0.043750 0.094444
7 0.501563 0.380556 0.048958 0.097222
1 0.628646 0.379167 0.046875 0.094444
5 0.297396 0.382639 0.048958 0.098611
0 0.339583 0.382639 0.047917 0.098611
0 0.380729 0.381944 0.048958 0.097222
3 0.460938 0.381944 0.046875 0.097222
2 0.420312 0.384028 0.046875 0.095833
5 0.581771 0.661806 0.046875 0.095833
0 0.542188 0.663194 0.048958 0.104167
1 0.625521 0.661806 0.048958 0.101389
7 0.494271 0.661806 0.051042 0.095833
0 0.373958 0.665278 0.047917 0.097222
3 0.454688 0.663194 0.046875 0.095833
5 0.289583 0.664583 0.047917 0.098611
0 0.332292 0.665278 0.050000 0.102778
2 0.413542 0.666667 0.047917 0.097222
0 0.536979 0.951389 0.051042 0.097222
7 0.489063 0.952083 0.053125 0.095833
5 0.576562 0.950694 0.046875 0.098611
1 0.619792 0.949306 0.047917 0.101389
3 0.447396 0.952778 0.046875 0.094444
2 0.407292 0.952778 0.047917 0.094444
5 0.281250 0.952778 0.052083 0.094444
0 0.367188 0.952083 0.048958 0.095833
0 0.324479 0.952083 0.048958 0.095833
