5 0.125868 0.155527 0.023438 0.044271
0 0.170464 0.155527 0.023220 0.046007
0 0.147895 0.155961 0.023655 0.045139
9 0.260851 0.156250 0.023438 0.044560
9 0.238173 0.156539 0.022352 0.046875
0 0.283963 0.156539 0.024089 0.045718
2 0.193034 0.156539 0.024523 0.050347
0 0.215278 0.156684 0.023438 0.047743
1 0.305230 0.156973 0.019748 0.046586
5 0.126085 0.308594 0.023438 0.044850
9 0.259766 0.308883 0.023003 0.045428
0 0.283312 0.308883 0.023655 0.045428
0 0.169813 0.308883 0.022786 0.046007
9 0.236979 0.309028 0.021701 0.046875
1 0.304036 0.309028 0.020399 0.045139
0 0.147569 0.309172 0.023438 0.046007
0 0.214518 0.309462 0.023655 0.047743
2 0.191623 0.309462 0.023438 0.048322
9 0.235894 0.458623 0.022569 0.042824
9 0.257812 0.458623 0.022135 0.042824
0 0.213108 0.458767 0.023438 0.043692
1 0.302409 0.458767 0.020182 0.044850
0 0.280273 0.459057 0.023655 0.044271
0 0.146050 0.459491 0.023872 0.043981
5 0.124023 0.459346 0.024089 0.043113
0 0.168728 0.459635 0.023655 0.044850
2 0.190321 0.459780 0.024306 0.046296
5 0.124023 0.607494 0.023220 0.045428
9 0.258138 0.607639 0.021918 0.046875
9 0.235894 0.607639 0.022135 0.045718
0 0.280490 0.607639 0.024089 0.048032
1 0.300998 0.607639 0.020833 0.046296
0 0.213108 0.607928 0.023003 0.046296
0 0.169596 0.608218 0.021918 0.045718
0 0.147352 0.608507 0.023438 0.045718
2 0.190430 0.608796 0.023655 0.046875
0 0.211914 0.753328 0.021918 0.046007
5 0.125109 0.753617 0.023220 0.044850
9 0.233398 0.753617 0.022352 0.044850
9 0.255100 0.753762 0.022352 0.045139
2 0.189996 0.753906 0.024089 0.047164
0 0.168403 0.753906 0.022569 0.046007
0 0.278103 0.753906 0.024089 0.044271
1 0.299154 0.754051 0.019748 0.044560
0 0.146593 0.754196 0.022786 0.047164
0 0.274957 0.897569 0.022135 0.048032
9 0.253038 0.897569 0.021701 0.048032
1 0.295247 0.897714 0.018880 0.049479
9 0.231337 0.897714 0.021701 0.044850
5 0.124240 0.898148 0.022786 0.046296
0 0.167643 0.898148 0.021918 0.047454
0 0.145182 0.898438 0.022569 0.047454
0 0.209961 0.898582 0.021050 0.046007
2 0.189128 0.899161 0.023655 0.047164
