5 0.197396 0.210417 0.048958 0.104167
0 0.243229 0.210417 0.048958 0.104167
0 0.288021 0.211806 0.046875 0.104167
2 0.332292 0.211806 0.045833 0.101389
2 0.377604 0.211806 0.048958 0.104167
7 0.426042 0.210417 0.054167 0.106944
4 0.472917 0.211806 0.054167 0.106944
9 0.519792 0.211806 0.050000 0.106944
1 0.558854 0.210417 0.042708 0.104167
5 0.195312 0.666667 0.048958 0.105556
0 0.241667 0.667361 0.047917 0.106944
0 0.286979 0.666667 0.046875 0.105556
2 0.330729 0.666667 0.046875 0.105556
2 0.378125 0.665278 0.050000 0.105556
7 0.426563 0.664583 0.053125 0.106944
4 0.472917 0.663194 0.054167 0.106944
9 0.520312 0.663194 0.051042 0.106944
1 0.564583 0.661111 0.047917 0.108333
