5 0.0432 0.1019 0.0379 0.0887
0 0.0845 0.1032 0.0418 0.0905
0 0.1272 0.1043 0.0428 0.0917
0 0.2959 0.1056 0.046 0.097
5 0.3387 0.1057 0.0438 0.0881
2 0.1679 0.1063 0.0432 0.0967
7 0.2505 0.1064 0.0473 0.0957
3 0.2085 0.1069 0.0415 0.0963
1 0.3802 0.108 0.0408 0.0945
5 0.3489 0.3861 0.0401 0.095
0 0.3085 0.3865 0.0401 0.0994
0 0.1386 0.387 0.0435 0.0929
0 0.0955 0.3871 0.0444 0.0874
2 0.1806 0.3871 0.0434 0.0897
1 0.391 0.3874 0.0356 0.0967
5 0.0511 0.3876 0.0451 0.0877
3 0.2196 0.3878 0.0394 0.0908
7 0.2614 0.3878 0.0489 0.0905
1 0.3836 0.6684 0.0397 0.0971
5 0.3426 0.6692 0.0437 0.0934
0 0.3005 0.6693 0.0474 0.099
7 0.2527 0.6703 0.0477 0.0998
3 0.211 0.6724 0.0441 0.0958
5 0.0406 0.6739 0.0443 0.0968
0 0.0852 0.6739 0.0445 0.0981
2 0.1712 0.674 0.046 0.087
0 0.1282 0.6741 0.0428 0.0917
1 0.3747 0.9544 0.0415 0.0954
5 0.3349 0.9559 0.0442 0.0891
7 0.2461 0.956 0.0533 0.0874
0 0.2906 0.956 0.047 0.0918
3 0.1997 0.9581 0.0446 0.0864
2 0.16 0.9595 0.0474 0.0865
0 0.1166 0.9603 0.0452 0.0834
0 0.0738 0.9606 0.0449 0.0843
5 0.03 0.9608 0.0444 0.0795
