8 0.894531 0.115625 0.064062 0.139583
1 0.946875 0.114583 0.056250 0.141667
4 0.835938 0.119792 0.068750 0.131250
6 0.775781 0.121875 0.067187 0.135417
5 0.486719 0.122917 0.064062 0.137500
2 0.714844 0.123958 0.067187 0.131250
0 0.544531 0.122917 0.064062 0.137500
0 0.601562 0.122917 0.062500 0.133333
2 0.658594 0.126042 0.064062 0.135417
8 0.902344 0.698958 0.070312 0.127083
1 0.954688 0.694792 0.056250 0.131250
6 0.784375 0.703125 0.065625 0.131250
2 0.726562 0.705208 0.068750 0.127083
2 0.671094 0.707292 0.064062 0.127083
0 0.612500 0.707292 0.062500 0.127083
0 0.557813 0.709375 0.065625 0.131250
5 0.499219 0.707292 0.064062 0.131250
4 0.846094 0.697917 0.070312 0.129167
