5 0.338542 0.232639 0.050000 0.104167
0 0.382292 0.232639 0.050000 0.104167
0 0.425000 0.232639 0.050000 0.101389
2 0.468229 0.233333 0.051042 0.102778
8 0.510938 0.231944 0.051042 0.102778
3 0.554688 0.231250 0.051042 0.104167
8 0.596875 0.231250 0.050000 0.104167
7 0.640625 0.229861 0.052083 0.101389
3 0.685937 0.231250 0.053125 0.104167
5 0.334896 0.679861 0.051042 0.109722
0 0.378646 0.679167 0.051042 0.105556
0 0.421875 0.678472 0.052083 0.106944
2 0.465625 0.678472 0.052083 0.106944
8 0.509375 0.677778 0.050000 0.105556
3 0.553125 0.677083 0.050000 0.106944
8 0.596875 0.677083 0.050000 0.104167
7 0.640104 0.676389 0.051042 0.102778
3 0.685417 0.677083 0.052083 0.104167
