5 0.272396 0.192361 0.046875 0.101389
0 0.314583 0.193750 0.047917 0.098611
0 0.354167 0.193750 0.047917 0.098611
2 0.396354 0.195139 0.048958 0.101389
8 0.436979 0.195139 0.048958 0.101389
9 0.477604 0.194444 0.046875 0.100000
8 0.518229 0.195833 0.046875 0.097222
2 0.559375 0.197917 0.047917 0.101389
0 0.600521 0.196528 0.046875 0.098611
5 0.263542 0.482639 0.045833 0.095833
0 0.305208 0.483333 0.047917 0.100000
0 0.345313 0.484028 0.046875 0.095833
2 0.385937 0.484028 0.046875 0.095833
8 0.426563 0.484028 0.046875 0.095833
9 0.467187 0.484028 0.046875 0.098611
8 0.508333 0.484722 0.045833 0.097222
2 0.548958 0.486806 0.047917 0.098611
0 0.589583 0.486111 0.045833 0.097222
5 0.254167 0.770139 0.045833 0.098611
0 0.294792 0.770139 0.047917 0.095833
0 0.335938 0.770833 0.046875 0.097222
2 0.376563 0.772222 0.048958 0.097222
8 0.416667 0.771528 0.047917 0.098611
9 0.457813 0.770139 0.048958 0.098611
8 0.497917 0.772222 0.047917 0.100000
2 0.538021 0.774306 0.046875 0.101389
0 0.579688 0.775000 0.046875 0.097222
