5 0.133984 0.213194 0.052344 0.140278
0 0.180078 0.213889 0.050781 0.133333
0 0.225391 0.214583 0.049219 0.134722
0 0.358594 0.215972 0.050000 0.137500
5 0.314453 0.218056 0.050781 0.138889
6 0.401953 0.217361 0.049219 0.134722
3 0.270313 0.215972 0.050000 0.134722
9 0.489453 0.218056 0.049219 0.130556
9 0.446484 0.218056 0.050781 0.130556
0 0.347656 0.825694 0.054688 0.134722
9 0.436719 0.825000 0.048438 0.127778
3 0.258594 0.825000 0.050000 0.136111
9 0.478125 0.824306 0.050000 0.131944
0 0.213281 0.828472 0.050000 0.131944
5 0.302734 0.825694 0.050781 0.131944
5 0.119922 0.829167 0.052344 0.141667
0 0.167578 0.830556 0.050781 0.133333
6 0.392188 0.824306 0.053125 0.134722
