5 0.085938 0.246875 0.050000 0.104167
0 0.130469 0.246875 0.050000 0.102083
0 0.310547 0.247917 0.052344 0.106250
0 0.176953 0.247917 0.049219 0.100000
3 0.221875 0.248438 0.051562 0.098958
9 0.399219 0.247396 0.051562 0.101042
9 0.449219 0.702604 0.054688 0.103125
9 0.403516 0.702604 0.050781 0.098958
0 0.312891 0.705208 0.055469 0.100000
3 0.222656 0.707812 0.051562 0.098958
0 0.176953 0.708854 0.050781 0.101042
0 0.130469 0.711458 0.051562 0.104167
5 0.084375 0.713542 0.053125 0.110417
5 0.266016 0.246354 0.047656 0.105208
6 0.355078 0.248438 0.049219 0.103125
9 0.443750 0.247917 0.050000 0.104167
5 0.267578 0.705208 0.050781 0.106250
6 0.358984 0.703125 0.053906 0.104167
