5 0.261328 0.101562 0.050781 0.101042
0 0.305469 0.103646 0.048438 0.103125
0 0.349609 0.104167 0.047656 0.095833
3 0.392578 0.106250 0.047656 0.097917
0 0.476953 0.109896 0.049219 0.103125
9 0.562500 0.111458 0.050000 0.104167
9 0.606250 0.111458 0.051562 0.106250
5 0.261328 0.547396 0.049219 0.096875
0 0.304297 0.548438 0.047656 0.098958
0 0.347266 0.547917 0.047656 0.097917
5 0.432031 0.550521 0.048438 0.101042
3 0.390625 0.550521 0.050000 0.101042
0 0.475391 0.550521 0.049219 0.101042
9 0.605078 0.551042 0.050781 0.100000
6 0.518750 0.551042 0.046875 0.097917
9 0.561719 0.551042 0.046875 0.095833
6 0.519922 0.109896 0.047656 0.103125
5 0.434375 0.107813 0.045312 0.101042
