0 0.082812 0.135417 0.065625 0.129167
0 0.142969 0.137500 0.064062 0.129167
5 0.027344 0.135417 0.051562 0.129167
3 0.200000 0.138542 0.062500 0.131250
9 0.317188 0.140625 0.068750 0.131250
7 0.258594 0.140625 0.067187 0.131250
6 0.429688 0.141667 0.062500 0.129167
2 0.486719 0.141667 0.064062 0.129167
5 0.374219 0.141667 0.060937 0.129167
6 0.446875 0.712500 0.062500 0.125000
5 0.391406 0.712500 0.064062 0.125000
9 0.335156 0.714583 0.064062 0.125000
7 0.279687 0.717708 0.068750 0.131250
2 0.501563 0.713542 0.071875 0.127083
3 0.222656 0.717708 0.064062 0.131250
0 0.164844 0.719792 0.060937 0.131250
0 0.107813 0.719792 0.062500 0.127083
5 0.050000 0.720833 0.062500 0.129167
