5 0.600521 0.190278 0.051042 0.108333
5 0.240625 0.190278 0.052083 0.108333
2 0.556771 0.190972 0.053125 0.112500
8 0.512500 0.189583 0.052083 0.104167
0 0.286458 0.190278 0.052083 0.105556
0 0.330729 0.191667 0.051042 0.105556
7 0.466667 0.190278 0.056250 0.105556
3 0.377083 0.190972 0.052083 0.106944
7 0.420833 0.191667 0.056250 0.108333
5 0.597917 0.646528 0.050000 0.109722
8 0.508854 0.647917 0.051042 0.104167
2 0.553646 0.647222 0.053125 0.105556
7 0.463021 0.647917 0.055208 0.106944
7 0.418229 0.647222 0.055208 0.105556
3 0.372917 0.650000 0.052083 0.108333
5 0.238021 0.650000 0.051042 0.108333
0 0.283333 0.650000 0.050000 0.108333
0 0.328125 0.649306 0.052083 0.106944
