5 0.235156 0.134375 0.067187 0.135417
0 0.292187 0.136458 0.065625 0.131250
6 0.627344 0.137500 0.060937 0.133333
2 0.683594 0.137500 0.060937 0.133333
0 0.346875 0.138542 0.053125 0.127083
9 0.517188 0.139583 0.059375 0.129167
3 0.404687 0.138542 0.062500 0.135417
5 0.572656 0.137500 0.060937 0.133333
7 0.460938 0.139583 0.065625 0.133333
2 0.696094 0.707292 0.070312 0.127083
6 0.640625 0.707292 0.062500 0.127083
5 0.587500 0.705208 0.062500 0.127083
9 0.532813 0.707292 0.062500 0.122917
7 0.476562 0.708333 0.065625 0.125000
3 0.420312 0.709375 0.062500 0.127083
0 0.365625 0.711458 0.062500 0.127083
0 0.310156 0.713542 0.064062 0.127083
5 0.253906 0.713542 0.067187 0.131250
