5 0.044922 0.286979 0.049219 0.101042
0 0.089453 0.288021 0.050781 0.101042
0 0.135547 0.289062 0.052344 0.098958
3 0.179688 0.288021 0.050000 0.103125
0 0.268750 0.290625 0.050000 0.106250
6 0.312891 0.291146 0.049219 0.103125
9 0.400781 0.291667 0.050000 0.104167
9 0.357031 0.293750 0.046875 0.102083
9 0.403906 0.743750 0.046875 0.106250
9 0.359766 0.746354 0.053906 0.103125
0 0.269531 0.745313 0.053125 0.101042
0 0.133984 0.748958 0.050781 0.097917
3 0.180078 0.748437 0.050781 0.101042
0 0.087891 0.748958 0.052344 0.100000
5 0.042578 0.749479 0.050781 0.105208
5 0.224219 0.290104 0.051562 0.103125
5 0.224219 0.747917 0.050000 0.106250
6 0.314844 0.744271 0.051562 0.101042
