5 0.254297 0.102604 0.047656 0.101042
0 0.297266 0.104167 0.047656 0.100000
0 0.340625 0.107292 0.046875 0.097917
3 0.383594 0.108333 0.043750 0.100000
5 0.426172 0.109375 0.046094 0.100000
0 0.468750 0.110937 0.048438 0.096875
9 0.553516 0.113542 0.044531 0.097917
5 0.250781 0.550000 0.050000 0.097917
0 0.295703 0.550000 0.049219 0.095833
0 0.339062 0.551562 0.048438 0.094792
3 0.382812 0.551562 0.048438 0.096875
0 0.468750 0.553646 0.048438 0.101042
6 0.511719 0.553646 0.046875 0.096875
9 0.554297 0.555208 0.047656 0.097917
6 0.512109 0.111458 0.046094 0.102083
9 0.597656 0.114583 0.045312 0.100000
5 0.425391 0.553125 0.046094 0.104167
9 0.598047 0.555729 0.047656 0.105208
