9 0.700391 0.266146 0.052344 0.111458
9 0.655078 0.266667 0.050781 0.110417
0 0.561719 0.267708 0.051562 0.106250
3 0.470313 0.267708 0.051562 0.108333
5 0.327344 0.267188 0.056250 0.111458
0 0.375781 0.269271 0.053125 0.109375
0 0.423047 0.268750 0.052344 0.106250
6 0.622266 0.750521 0.052344 0.107292
9 0.716016 0.747396 0.057031 0.109375
9 0.668359 0.749479 0.053906 0.107292
0 0.575391 0.750000 0.053906 0.108333
5 0.527734 0.753125 0.052344 0.106250
3 0.482031 0.756771 0.053125 0.107292
0 0.432812 0.757812 0.051562 0.107292
5 0.527344 0.753125 0.053125 0.108333
0 0.385547 0.759896 0.053906 0.109375
5 0.336328 0.761458 0.055469 0.112500
5 0.516016 0.266667 0.050781 0.110417
6 0.609766 0.267188 0.050781 0.111458
