9 0.958594 0.294792 0.050000 0.104167
6 0.869922 0.295833 0.049219 0.102083
0 0.825000 0.296875 0.050000 0.104167
9 0.914062 0.294792 0.050000 0.097917
5 0.608984 0.298438 0.047656 0.098958
0 0.651563 0.298438 0.046875 0.103125
3 0.738672 0.298958 0.047656 0.102083
0 0.694922 0.299479 0.049219 0.098958
3 0.746875 0.750000 0.046875 0.100000
0 0.834766 0.748958 0.050781 0.097917
5 0.791016 0.748958 0.049219 0.102083
0 0.658203 0.750521 0.049219 0.103125
5 0.614844 0.750000 0.053125 0.100000
0 0.702734 0.748958 0.050781 0.097917
6 0.880469 0.750000 0.051562 0.104167
9 0.924609 0.750000 0.052344 0.106250
9 0.969531 0.751042 0.050000 0.100000
5 0.782813 0.298438 0.050000 0.105208
