0 0.928906 0.289583 0.064062 0.133333
3 0.815625 0.290625 0.065625 0.131250
7 0.871875 0.290625 0.068750 0.131250
5 0.503125 0.294792 0.065625 0.127083
0 0.558594 0.294792 0.060937 0.127083
3 0.667188 0.293750 0.062500 0.125000
0 0.613281 0.293750 0.064062 0.125000
2 0.722656 0.293750 0.070312 0.125000
0 0.570312 0.855208 0.062500 0.122917
0 0.624219 0.858333 0.064062 0.125000
5 0.514062 0.856250 0.062500 0.125000
3 0.679688 0.857292 0.065625 0.127083
3 0.831250 0.857292 0.065625 0.131250
2 0.736719 0.858333 0.070312 0.129167
0 0.946094 0.861458 0.064062 0.127083
7 0.888281 0.859375 0.067187 0.127083
1 0.767969 0.293750 0.051562 0.133333
1 0.785937 0.856250 0.059375 0.137500
