0 0.375781 0.287500 0.060937 0.129167
0 0.431250 0.287500 0.062500 0.120833
7 0.688281 0.288542 0.064062 0.122917
5 0.320312 0.289583 0.062500 0.125000
3 0.485156 0.286458 0.060937 0.122917
3 0.632031 0.287500 0.064062 0.125000
0 0.745313 0.287500 0.065625 0.125000
2 0.539844 0.290625 0.070312 0.122917
1 0.587500 0.289583 0.050000 0.125000
1 0.585156 0.852083 0.051562 0.133333
0 0.743750 0.854167 0.068750 0.125000
3 0.631250 0.852083 0.065625 0.129167
7 0.686719 0.852083 0.064062 0.125000
2 0.537500 0.856250 0.071875 0.129167
5 0.312500 0.854167 0.065625 0.129167
3 0.482031 0.854167 0.067187 0.125000
0 0.425000 0.854167 0.065625 0.120833
0 0.370312 0.855208 0.062500 0.127083
