2 0.955469 0.139583 0.060937 0.137500
6 0.900781 0.138542 0.064062 0.131250
5 0.844531 0.138542 0.060937 0.127083
9 0.787500 0.138542 0.056250 0.127083
5 0.511719 0.141667 0.064062 0.133333
0 0.567187 0.142708 0.059375 0.127083
0 0.621875 0.139583 0.059375 0.129167
3 0.677344 0.140625 0.060937 0.131250
7 0.732812 0.141667 0.062500 0.129167
2 0.965625 0.707292 0.059375 0.127083
9 0.802344 0.705208 0.060937 0.122917
3 0.690625 0.706250 0.053125 0.125000
5 0.856250 0.705208 0.062500 0.122917
6 0.911719 0.705208 0.064062 0.122917
7 0.746094 0.708333 0.064062 0.120833
0 0.636719 0.710417 0.060937 0.125000
5 0.528125 0.711458 0.062500 0.127083
0 0.582812 0.710417 0.062500 0.120833
