0 0.091406 0.132292 0.067187 0.127083
0 0.150000 0.134375 0.062500 0.131250
5 0.035156 0.130208 0.060937 0.135417
3 0.210156 0.134375 0.064062 0.131250
6 0.435156 0.139583 0.064062 0.125000
9 0.325000 0.138542 0.062500 0.131250
7 0.264844 0.137500 0.067187 0.129167
2 0.493750 0.140625 0.068750 0.131250
5 0.380469 0.138542 0.060937 0.127083
2 0.509375 0.708333 0.065625 0.129167
6 0.450000 0.707292 0.059375 0.127083
5 0.396875 0.708333 0.059375 0.129167
9 0.339844 0.711458 0.064062 0.127083
3 0.226562 0.712500 0.062500 0.129167
7 0.283594 0.712500 0.067187 0.129167
0 0.169531 0.713542 0.060937 0.131250
0 0.112500 0.715625 0.062500 0.131250
5 0.053906 0.715625 0.060937 0.131250
