5 0.313672 0.222222 0.049219 0.133333
0 0.358594 0.225694 0.050000 0.126389
3 0.445703 0.225000 0.050781 0.127778
0 0.531250 0.225694 0.048438 0.131944
0 0.401562 0.225694 0.048438 0.126389
5 0.488672 0.227083 0.049219 0.131944
9 0.618359 0.226389 0.050781 0.136111
9 0.661328 0.225694 0.050781 0.131944
6 0.579297 0.827778 0.050781 0.133333
0 0.535937 0.827778 0.051562 0.133333
9 0.667188 0.828472 0.050000 0.134722
5 0.491406 0.829861 0.048438 0.134722
9 0.624219 0.827083 0.051562 0.129167
0 0.404297 0.831250 0.050781 0.131944
3 0.448047 0.829167 0.050781 0.127778
5 0.315234 0.829167 0.050781 0.130556
0 0.359375 0.829861 0.050000 0.131944
5 0.491797 0.830556 0.049219 0.127778
6 0.574219 0.226389 0.050000 0.133333
