5 0.199479 0.113194 0.051042 0.101389
6 0.484896 0.113194 0.046875 0.101389
0 0.241667 0.113889 0.047917 0.097222
3 0.322917 0.114583 0.047917 0.098611
2 0.444271 0.114583 0.051042 0.098611
1 0.521875 0.114583 0.041667 0.098611
0 0.281771 0.114583 0.046875 0.093056
9 0.363021 0.113194 0.046875 0.095833
0 0.403646 0.113889 0.046875 0.094444
6 0.484375 0.399306 0.045833 0.095833
1 0.520312 0.398611 0.038542 0.094444
5 0.202604 0.400694 0.048958 0.098611
0 0.404687 0.400000 0.046875 0.097222
2 0.444271 0.400000 0.048958 0.100000
0 0.243750 0.400000 0.045833 0.097222
0 0.285417 0.400694 0.047917 0.093056
3 0.324479 0.400694 0.046875 0.098611
9 0.364583 0.400000 0.045833 0.097222
6 0.486458 0.682639 0.045833 0.101389
1 0.522396 0.681250 0.040625 0.093056
0 0.405729 0.683333 0.046875 0.097222
2 0.445833 0.683333 0.047917 0.100000
9 0.365625 0.684722 0.047917 0.100000
3 0.326042 0.684028 0.047917 0.095833
0 0.285417 0.686111 0.047917 0.097222
5 0.203646 0.686806 0.048958 0.101389
0 0.244792 0.686806 0.047917 0.098611
