5 0.038542 0.153472 0.054167 0.112500
0 0.084896 0.154167 0.053125 0.111111
0 0.130208 0.155556 0.052083 0.111111
3 0.173958 0.154861 0.052083 0.112500
5 0.402604 0.157639 0.051042 0.112500
7 0.221354 0.156944 0.055208 0.111111
8 0.314063 0.156944 0.053125 0.111111
2 0.358333 0.158333 0.052083 0.108333
7 0.268229 0.157639 0.055208 0.109722
5 0.408333 0.613194 0.047917 0.104167
2 0.365625 0.613889 0.052083 0.108333
8 0.320833 0.613889 0.050000 0.105556
7 0.228125 0.615972 0.054167 0.109722
7 0.273958 0.615972 0.054167 0.106944
3 0.182812 0.617361 0.051042 0.106944
0 0.136979 0.616667 0.051042 0.108333
0 0.091146 0.616667 0.053125 0.108333
5 0.044792 0.618056 0.054167 0.111111
