5 0.049219 0.213194 0.050000 0.131944
0 0.094922 0.213889 0.052344 0.136111
0 0.140234 0.215972 0.052344 0.131944
3 0.186328 0.216667 0.050781 0.133333
0 0.273438 0.218750 0.053125 0.134722
5 0.229687 0.218056 0.050000 0.130556
9 0.361719 0.221528 0.045312 0.137500
9 0.407031 0.221528 0.050000 0.131944
9 0.409375 0.825694 0.050000 0.131944
9 0.366016 0.827083 0.050781 0.129167
9 0.408594 0.825694 0.050000 0.134722
0 0.274219 0.827083 0.050000 0.129167
3 0.184766 0.829861 0.050781 0.134722
5 0.045703 0.831944 0.049219 0.133333
0 0.138672 0.831250 0.050781 0.131944
5 0.229687 0.828472 0.051562 0.134722
0 0.092188 0.831250 0.051562 0.131944
6 0.319531 0.220139 0.051562 0.131944
6 0.320703 0.827083 0.052344 0.134722
