0 0.230859 0.296875 0.047656 0.097917
5 0.185156 0.298438 0.051562 0.101042
0 0.273828 0.298438 0.049219 0.098958
9 0.529687 0.300000 0.048438 0.106250
3 0.317969 0.299479 0.050000 0.101042
6 0.446094 0.299479 0.051562 0.101042
0 0.403125 0.299479 0.050000 0.101042
5 0.360938 0.300000 0.046875 0.095833
9 0.488281 0.299479 0.048438 0.096875
9 0.531250 0.739583 0.050000 0.100000
6 0.444922 0.741146 0.049219 0.098958
9 0.486719 0.742708 0.046875 0.097917
0 0.401172 0.742708 0.050781 0.100000
5 0.358203 0.743229 0.047656 0.096875
0 0.271484 0.744271 0.049219 0.098958
0 0.226562 0.743750 0.046875 0.100000
5 0.182031 0.746875 0.048438 0.100000
3 0.314844 0.743229 0.046875 0.098958
