5 0.174609 0.291146 0.052344 0.103125
0 0.219922 0.291146 0.050781 0.101042
0 0.264453 0.292708 0.049219 0.097917
3 0.308984 0.290625 0.049219 0.097917
0 0.394922 0.294271 0.047656 0.101042
6 0.439063 0.294271 0.046875 0.098958
9 0.525781 0.294792 0.050000 0.106250
9 0.481641 0.294271 0.049219 0.103125
9 0.528906 0.744271 0.046875 0.109375
9 0.485938 0.745313 0.048438 0.103125
6 0.442188 0.745313 0.043750 0.105208
5 0.353906 0.744792 0.050000 0.100000
0 0.397266 0.745313 0.049219 0.103125
3 0.310156 0.745313 0.051562 0.101042
0 0.266016 0.747917 0.050781 0.100000
0 0.220312 0.748437 0.050000 0.101042
5 0.175000 0.748437 0.050000 0.105208
5 0.351562 0.292708 0.048438 0.104167
