0 0.100781 0.293750 0.064062 0.125000
0 0.156250 0.293750 0.062500 0.120833
5 0.045312 0.295833 0.062500 0.125000
3 0.211719 0.293750 0.060937 0.125000
3 0.359375 0.293750 0.068750 0.120833
2 0.266406 0.295833 0.064062 0.125000
1 0.312500 0.296875 0.053125 0.127083
0 0.468750 0.297917 0.075000 0.125000
7 0.413281 0.295833 0.064062 0.125000
0 0.476562 0.852083 0.062500 0.125000
3 0.366406 0.851042 0.070312 0.127083
7 0.423438 0.850000 0.068750 0.125000
2 0.272656 0.856250 0.070312 0.129167
1 0.323437 0.852083 0.053125 0.129167
0 0.162500 0.855208 0.065625 0.127083
3 0.216406 0.855208 0.064062 0.131250
0 0.105469 0.857292 0.060937 0.131250
5 0.050000 0.858333 0.062500 0.133333
