2 0.957812 0.136458 0.065625 0.131250
6 0.900781 0.136458 0.060937 0.131250
5 0.507031 0.138542 0.064062 0.131250
5 0.846094 0.137500 0.060937 0.129167
0 0.563281 0.137500 0.060937 0.125000
0 0.618750 0.140625 0.059375 0.127083
3 0.675781 0.139583 0.060937 0.133333
7 0.732031 0.139583 0.067187 0.129167
2 0.963281 0.711458 0.060937 0.127083
5 0.856250 0.710417 0.062500 0.120833
6 0.909375 0.710417 0.059375 0.120833
9 0.800000 0.712500 0.062500 0.125000
3 0.687500 0.715625 0.059375 0.122917
7 0.743750 0.714583 0.065625 0.120833
0 0.632812 0.714583 0.059375 0.120833
0 0.578906 0.715625 0.064062 0.118750
5 0.521094 0.717708 0.064062 0.122917
9 0.789844 0.136458 0.064062 0.131250
