5 0.781641 0.221528 0.047656 0.134722
0 0.824609 0.221528 0.050781 0.151389
6 0.869141 0.220833 0.049219 0.141667
5 0.608203 0.224306 0.049219 0.134722
3 0.737891 0.223611 0.049219 0.133333
9 0.959375 0.219444 0.051562 0.138889
9 0.914062 0.218750 0.051562 0.131944
0 0.651563 0.224306 0.048438 0.145833
0 0.694141 0.225694 0.049219 0.143056
3 0.738281 0.222222 0.048438 0.136111
0 0.689063 0.827778 0.050000 0.133333
0 0.819531 0.828472 0.053125 0.140278
3 0.732422 0.828472 0.047656 0.137500
5 0.775391 0.828472 0.046094 0.137500
0 0.643750 0.828472 0.050000 0.129167
9 0.911719 0.829167 0.053125 0.130556
6 0.866406 0.827778 0.051562 0.136111
5 0.600000 0.827083 0.053125 0.134722
9 0.955859 0.829861 0.050781 0.134722
