0 0.964063 0.159375 0.062500 0.127083
2 0.907813 0.161458 0.065625 0.127083
3 0.684375 0.163542 0.062500 0.127083
4 0.851562 0.162500 0.068750 0.125000
0 0.575781 0.165625 0.060937 0.122917
0 0.629687 0.165625 0.059375 0.122917
5 0.521875 0.164583 0.056250 0.125000
9 0.793750 0.162500 0.062500 0.125000
7 0.737500 0.162500 0.059375 0.125000
7 0.855469 0.797917 0.067187 0.133333
8 0.746094 0.796875 0.064062 0.131250
8 0.800781 0.796875 0.064062 0.127083
5 0.910937 0.796875 0.065625 0.127083
0 0.967187 0.796875 0.059375 0.127083
0 0.636719 0.800000 0.060937 0.125000
5 0.525000 0.801042 0.065625 0.131250
2 0.691406 0.798958 0.064062 0.127083
0 0.582031 0.801042 0.064062 0.122917
