5 0.506250 0.103125 0.062500 0.131250
0 0.562500 0.106250 0.059375 0.129167
0 0.615625 0.107292 0.059375 0.127083
8 0.724219 0.108333 0.057813 0.125000
2 0.671094 0.110417 0.060937 0.125000
8 0.778125 0.109375 0.059375 0.127083
0 0.940625 0.109375 0.059375 0.127083
5 0.887500 0.110417 0.059375 0.129167
7 0.834375 0.110417 0.062500 0.125000
0 0.567969 0.787500 0.057813 0.125000
0 0.621875 0.787500 0.059375 0.120833
3 0.675000 0.789583 0.059375 0.125000
5 0.514844 0.787500 0.057813 0.125000
0 0.958594 0.790625 0.064062 0.127083
7 0.729688 0.790625 0.062500 0.118750
4 0.845313 0.790625 0.065625 0.131250
9 0.784375 0.791667 0.065625 0.120833
2 0.902344 0.790625 0.070312 0.127083
0 0.957812 0.793750 0.065625 0.125000
