5 0.040104 0.190972 0.048958 0.101389
0 0.088021 0.190972 0.046875 0.101389
0 0.137500 0.193056 0.045833 0.102778
1 0.178646 0.191667 0.036458 0.102778
2 0.218750 0.193750 0.045833 0.098611
5 0.263021 0.194444 0.044792 0.097222
5 0.308333 0.195139 0.043750 0.098611
2 0.352604 0.193750 0.046875 0.098611
5 0.396354 0.193750 0.044792 0.101389
5 0.039583 0.654167 0.043750 0.097222
0 0.088542 0.651389 0.045833 0.100000
0 0.136458 0.650694 0.043750 0.098611
1 0.177604 0.650694 0.034375 0.101389
2 0.219271 0.649306 0.046875 0.098611
5 0.263542 0.648611 0.041667 0.097222
5 0.307292 0.647917 0.041667 0.095833
2 0.352604 0.646528 0.046875 0.093056
5 0.396875 0.646528 0.041667 0.095833
