5 0.042188 0.186111 0.044792 0.100000
0 0.091146 0.185417 0.048958 0.101389
0 0.139063 0.186806 0.046875 0.098611
1 0.180208 0.188194 0.035417 0.101389
2 0.220833 0.188889 0.047917 0.097222
5 0.265625 0.188889 0.043750 0.097222
5 0.310417 0.189583 0.043750 0.098611
2 0.354687 0.189583 0.046875 0.098611
5 0.397917 0.188889 0.045833 0.100000
5 0.038021 0.645833 0.044792 0.100000
0 0.088021 0.644444 0.048958 0.100000
0 0.135937 0.643056 0.046875 0.097222
1 0.178125 0.643056 0.033333 0.100000
2 0.219792 0.643056 0.047917 0.100000
5 0.263542 0.642361 0.043750 0.098611
5 0.307292 0.640972 0.045833 0.098611
2 0.352604 0.640972 0.046875 0.101389
5 0.395833 0.641667 0.041667 0.097222
