5 0.290104 0.195833 0.044792 0.100000
0 0.340104 0.195139 0.046875 0.101389
0 0.384375 0.194444 0.045833 0.102778
1 0.425521 0.194444 0.036458 0.102778
2 0.464583 0.196528 0.047917 0.098611
5 0.508333 0.195139 0.043750 0.098611
5 0.552083 0.193750 0.045833 0.098611
2 0.595833 0.194444 0.045833 0.097222
5 0.639583 0.193056 0.043750 0.100000
5 0.289583 0.647917 0.045833 0.101389
0 0.339062 0.647222 0.046875 0.100000
0 0.384375 0.647222 0.045833 0.100000
1 0.425000 0.646528 0.035417 0.101389
2 0.464583 0.647917 0.045833 0.098611
5 0.508333 0.646528 0.043750 0.098611
5 0.552604 0.645139 0.044792 0.095833
2 0.596875 0.645139 0.047917 0.098611
5 0.640104 0.644444 0.044792 0.097222
