5 0.171875 0.181944 0.045833 0.100000
0 0.221354 0.181250 0.044792 0.098611
0 0.267188 0.182639 0.044792 0.098611
1 0.308333 0.183333 0.035417 0.100000
2 0.348438 0.183333 0.046875 0.100000
5 0.391667 0.183333 0.043750 0.097222
5 0.435417 0.183333 0.041667 0.097222
2 0.480208 0.183333 0.045833 0.097222
5 0.523438 0.183333 0.042708 0.094444
5 0.168750 0.636806 0.047917 0.101389
0 0.218750 0.636806 0.045833 0.098611
0 0.264583 0.636806 0.045833 0.098611
1 0.305208 0.635417 0.035417 0.101389
2 0.346354 0.636111 0.046875 0.100000
5 0.389583 0.636111 0.043750 0.100000
5 0.433333 0.634722 0.045833 0.100000
2 0.478646 0.634722 0.046875 0.100000
5 0.520833 0.634722 0.041667 0.097222
