9 0.4401 0.6741 0.0400 0.0976
9 0.4462 0.9571 0.0443 0.0886
9 0.4390 0.3945 0.0401 0.0941
9 0.4312 0.1178 0.0396 0.0942
8 0.4002 0.6749 0.0416 0.0938
8 0.4709 0.1168 0.0382 0.0875
8 0.4798 0.6720 0.0433 0.0936
0 0.2732 0.1213 0.0403 0.0926
8 0.4784 0.3932 0.0411 0.0928
2 0.3533 0.1206 0.0415 0.0898
2 0.5181 0.3931 0.0435 0.0886
0 0.3212 0.3994 0.0395 0.0871
8 0.3918 0.1191 0.0402 0.0925
0 0.2809 0.6802 0.0403 0.0872
2 0.5104 0.1165 0.0393 0.0907
2 0.3616 0.6770 0.0406 0.0906
8 0.3990 0.3957 0.0415 0.0947
2 0.3669 0.9601 0.0448 0.0879
2 0.3615 0.3984 0.0428 0.0917
8 0.4868 0.9558 0.0458 0.0938
0 0.2835 0.9611 0.0420 0.0780
2 0.5206 0.6710 0.0429 0.0943
0 0.3255 0.9609 0.0409 0.0796
0 0.3140 0.1209 0.0396 0.0884
0 0.2813 0.4001 0.0404 0.0898
5 0.2416 0.9609 0.0431 0.0768
8 0.4058 0.9584 0.0455 0.0936
5 0.2411 0.6810 0.0399 0.0899
1 0.5449 0.1163 0.0283 0.0892
5 0.2342 0.1212 0.0389 0.0917
2 0.5263 0.9550 0.0440 0.0953
1 0.5550 0.6708 0.0326 0.0883
1 0.5525 0.3928 0.0302 0.0898
5 0.2403 0.4002 0.0393 0.0874
0 0.3214 0.6779 0.0392 0.0889
1 0.5647 0.9535 0.0366 0.0944
