5 0.317708 0.215278 0.047917 0.097222
0 0.359896 0.215278 0.048958 0.097222
0 0.403646 0.215972 0.046875 0.095833
2 0.446875 0.216667 0.047917 0.097222
8 0.489063 0.216667 0.044792 0.097222
8 0.532292 0.216667 0.047917 0.100000
7 0.575000 0.215972 0.047917 0.098611
5 0.618750 0.215972 0.045833 0.098611
0 0.661979 0.216667 0.044792 0.097222
5 0.323958 0.661806 0.045833 0.098611
0 0.368229 0.661806 0.044792 0.098611
0 0.411458 0.661806 0.047917 0.101389
2 0.454688 0.661806 0.046875 0.101389
8 0.497396 0.661111 0.046875 0.100000
8 0.541667 0.660417 0.047917 0.098611
7 0.584896 0.660417 0.046875 0.098611
5 0.628125 0.660417 0.043750 0.098611
0 0.671875 0.660417 0.047917 0.098611
