5 0.025521 0.202083 0.046875 0.095833
0 0.071354 0.202778 0.048958 0.094444
0 0.116146 0.204167 0.046875 0.094444
2 0.160938 0.206944 0.048958 0.100000
8 0.204167 0.205556 0.045833 0.097222
8 0.248958 0.205556 0.047917 0.097222
7 0.292187 0.206944 0.048958 0.097222
5 0.337500 0.208333 0.045833 0.097222
0 0.379688 0.207639 0.044792 0.095833
5 0.029687 0.656250 0.048958 0.098611
0 0.075000 0.655556 0.047917 0.100000
0 0.121354 0.655556 0.048958 0.097222
2 0.167187 0.656250 0.048958 0.101389
8 0.211458 0.654167 0.045833 0.100000
8 0.254167 0.653472 0.045833 0.101389
7 0.299479 0.653472 0.048958 0.101389
5 0.344271 0.653472 0.044792 0.101389
0 0.389062 0.653472 0.046875 0.098611
