5 0.589063 0.240278 0.042708 0.097222
0 0.631771 0.240972 0.044792 0.095833
0 0.675521 0.240278 0.046875 0.097222
2 0.718750 0.240972 0.045833 0.101389
8 0.761979 0.238889 0.044792 0.100000
3 0.806771 0.236111 0.046875 0.097222
8 0.850000 0.236111 0.045833 0.100000
7 0.895833 0.234722 0.045833 0.097222
3 0.942708 0.234028 0.050000 0.098611
5 0.584896 0.686111 0.042708 0.097222
0 0.628125 0.686806 0.043750 0.095833
0 0.671875 0.686806 0.045833 0.095833
2 0.716667 0.687500 0.043750 0.097222
8 0.759896 0.686111 0.044792 0.100000
3 0.804688 0.685417 0.044792 0.098611
8 0.849479 0.686806 0.044792 0.098611
7 0.893750 0.687500 0.047917 0.097222
3 0.941667 0.688194 0.047917 0.098611
