5 0.079167 0.122222 0.039583 0.086111
0 0.120313 0.124306 0.040625 0.090278
0 0.163021 0.124306 0.040625 0.090278
2 0.203646 0.127778 0.040625 0.088889
0 0.245312 0.127778 0.040625 0.088889
9 0.288021 0.127083 0.038542 0.087500
9 0.328646 0.127083 0.040625 0.087500
0 0.370833 0.127778 0.041667 0.088889
1 0.410417 0.128472 0.037500 0.087500
5 0.076042 0.406944 0.045833 0.091667
0 0.116667 0.405556 0.043750 0.091667
0 0.158854 0.406250 0.042708 0.090278
2 0.200521 0.408333 0.044792 0.088889
0 0.241146 0.406944 0.042708 0.088889
9 0.283854 0.406944 0.042708 0.088889
9 0.325000 0.406944 0.043750 0.091667
0 0.367188 0.404861 0.044792 0.093056
1 0.405208 0.406944 0.039583 0.091667
5 0.067187 0.688889 0.044792 0.091667
0 0.109375 0.688194 0.043750 0.093056
0 0.151562 0.687500 0.042708 0.091667
2 0.194271 0.688194 0.044792 0.093056
0 0.235417 0.687500 0.041667 0.091667
9 0.278646 0.686111 0.044792 0.091667
9 0.319792 0.685417 0.043750 0.093056
0 0.361979 0.684028 0.044792 0.093056
1 0.400521 0.686111 0.036458 0.094444
