5 0.063542 0.207639 0.047917 0.101389
0 0.109375 0.207639 0.047917 0.104167
0 0.155208 0.209028 0.047917 0.106944
2 0.201563 0.208333 0.046875 0.105556
2 0.248438 0.210417 0.048958 0.101389
7 0.295833 0.211111 0.052083 0.102778
4 0.343750 0.211111 0.052083 0.105556
9 0.390625 0.212500 0.047917 0.102778
1 0.432812 0.211111 0.042708 0.102778
5 0.053125 0.667361 0.047917 0.104167
0 0.099479 0.668056 0.048958 0.108333
0 0.146875 0.666667 0.047917 0.105556
2 0.192708 0.666667 0.047917 0.102778
2 0.239063 0.665278 0.048958 0.102778
7 0.288542 0.662500 0.052083 0.102778
4 0.335938 0.663194 0.055208 0.101389
9 0.383854 0.663889 0.046875 0.102778
1 0.425521 0.662500 0.042708 0.105556
