5 0.0404 0.0629 0.0393 0.0911
0 0.0825 0.0648 0.0429 0.092
0 0.1253 0.0668 0.0436 0.0917
2 0.1668 0.0692 0.0441 0.0922
3 0.2072 0.0705 0.042 0.0929
7 0.2493 0.071 0.0451 0.0957
0 0.2956 0.0715 0.047 0.0968
5 0.339 0.0722 0.0422 0.0914
1 0.3811 0.0742 0.0388 0.0973
5 0.0453 0.3502 0.0423 0.0903
0 0.0905 0.3509 0.0438 0.093
0 0.1341 0.3517 0.043 0.0897
2 0.1779 0.3537 0.0461 0.0901
7 0.2588 0.3539 0.0472 0.0925
0 0.3053 0.3539 0.0437 0.0955
3 0.2169 0.3542 0.0416 0.0907
5 0.3458 0.3544 0.0455 0.0913
1 0.389 0.3564 0.0366 0.0957
0 0.2928 0.6371 0.0445 0.0987
7 0.2483 0.6375 0.0485 0.0916
5 0.3362 0.6379 0.0422 0.0953
5 0.0308 0.6387 0.0478 0.0938
3 0.2044 0.6387 0.043 0.095
2 0.1632 0.6388 0.0456 0.0906
0 0.0777 0.6389 0.0469 0.092
0 0.1208 0.6389 0.0434 0.0937
1 0.3784 0.6394 0.0395 0.0993
0 0.2823 0.9303 0.0468 0.1012
5 0.3245 0.9309 0.0445 0.1007
7 0.2343 0.9316 0.0474 0.0952
1 0.3685 0.9322 0.0405 0.1036
5 0.0204 0.9332 0.0396 0.0902
3 0.1912 0.9335 0.0457 0.0987
0 0.0625 0.9337 0.045 0.0959
0 0.1068 0.9344 0.0462 0.0954
2 0.1504 0.9348 0.0469 0.0974
