5 0.2764 0.1298 0.0361 0.0856
0 0.3134 0.1311 0.0401 0.0853
0 0.3526 0.1323 0.0402 0.0854
2 0.3915 0.1333 0.0421 0.0852
8 0.4287 0.1333 0.0405 0.0885
9 0.4681 0.1337 0.0391 0.0892
8 0.5049 0.1339 0.0372 0.081
2 0.5447 0.1355 0.0367 0.0919
1 0.5789 0.136 0.0275 0.095
5 0.2743 0.3991 0.0375 0.0864
0 0.3126 0.4004 0.0409 0.0881
0 0.3519 0.401 0.0399 0.0865
8 0.4276 0.4013 0.0434 0.0949
2 0.3913 0.4017 0.0424 0.0917
9 0.4676 0.4023 0.041 0.0928
8 0.5051 0.4026 0.0404 0.0847
2 0.5458 0.403 0.0412 0.0874
1 0.5799 0.4045 0.0261 0.0911
5 0.2637 0.6745 0.0411 0.0863
0 0.3043 0.6747 0.0389 0.0878
0 0.3442 0.6751 0.039 0.0885
8 0.4219 0.6758 0.0406 0.0888
2 0.3833 0.6761 0.0414 0.0878
9 0.4608 0.6765 0.0402 0.091
8 0.4997 0.677 0.0419 0.0933
2 0.5406 0.6785 0.0424 0.0926
1 0.5752 0.6789 0.0326 0.0896
5 0.2571 0.9562 0.0432 0.0853
1 0.5752 0.9569 0.0322 0.088
2 0.5401 0.9579 0.0451 0.0901
0 0.298 0.9581 0.0416 0.0897
8 0.4988 0.9582 0.0422 0.0939
0 0.3389 0.9587 0.0424 0.0871
8 0.4178 0.9587 0.0443 0.0978
9 0.4589 0.9589 0.0409 0.0959
2 0.3797 0.9591 0.0428 0.0944
