3 0.455729 0.102778 0.040625 0.091667
7 0.489583 0.950694 0.047917 0.090278
7 0.497917 0.103472 0.043750 0.093056
7 0.500521 0.382639 0.044792 0.093056
5 0.583854 0.100694 0.038542 0.090278
0 0.543750 0.381944 0.043750 0.091667
0 0.534375 0.950000 0.043750 0.094444
5 0.577604 0.950000 0.046875 0.094444
5 0.585938 0.381944 0.040625 0.086111
2 0.417187 0.103472 0.042708 0.093056
0 0.365104 0.953472 0.042708 0.093056
5 0.581771 0.663889 0.042708 0.088889
0 0.539583 0.665278 0.043750 0.094444
5 0.294271 0.100694 0.036458 0.093056
0 0.338021 0.384722 0.040625 0.091667
0 0.542188 0.101389 0.042708 0.094444
0 0.377083 0.102778 0.041667 0.091667
0 0.320833 0.954861 0.043750 0.090278
7 0.493750 0.665972 0.047917 0.095833
5 0.288021 0.666667 0.044792 0.091667
1 0.626042 0.382639 0.037500 0.093056
2 0.413021 0.667361 0.044792 0.090278
5 0.295833 0.382639 0.041667 0.090278
0 0.371875 0.667361 0.043750 0.090278
0 0.330208 0.667361 0.043750 0.095833
3 0.459375 0.384722 0.039583 0.091667
1 0.622917 0.665278 0.037500 0.097222
5 0.278125 0.954861 0.041667 0.084722
0 0.379167 0.385417 0.039583 0.090278
1 0.620313 0.950694 0.040625 0.090278
2 0.419271 0.385417 0.042708 0.087500
1 0.623437 0.100694 0.034375 0.090278
3 0.452083 0.666667 0.041667 0.088889
2 0.408333 0.953472 0.043750 0.090278
3 0.447396 0.952778 0.040625 0.088889
0 0.334896 0.102083 0.040625 0.090278
