5 0.321875 0.243750 0.050000 0.101389
0 0.365104 0.244444 0.048958 0.105556
0 0.409375 0.241667 0.050000 0.102778
2 0.452083 0.241667 0.050000 0.100000
8 0.495833 0.239583 0.050000 0.101389
3 0.539062 0.237500 0.048958 0.105556
8 0.581250 0.235417 0.047917 0.104167
7 0.625000 0.234028 0.052083 0.106944
3 0.670833 0.231944 0.050000 0.105556
5 0.323958 0.693056 0.052083 0.105556
0 0.369271 0.691667 0.048958 0.105556
0 0.413542 0.689583 0.050000 0.106944
2 0.457813 0.688194 0.051042 0.104167
8 0.500000 0.687500 0.050000 0.105556
3 0.543750 0.685417 0.050000 0.104167
8 0.586979 0.684028 0.048958 0.104167
7 0.631250 0.681944 0.054167 0.105556
3 0.677083 0.680556 0.054167 0.105556
