0 0.0898 0.0826 0.0401 0.0902
5 0.0492 0.0828 0.0374 0.0904
0 0.1305 0.083 0.0409 0.0924
8 0.2108 0.0849 0.0434 0.1006
2 0.1718 0.0856 0.0435 0.0948
9 0.2516 0.0864 0.043 0.0953
8 0.2914 0.0865 0.0435 0.0925
2 0.3333 0.0871 0.0426 0.0967
1 0.3678 0.0878 0.0303 0.0962
0 0.0971 0.3664 0.0424 0.0921
0 0.1388 0.3665 0.0413 0.09
2 0.3391 0.3665 0.0442 0.0966
5 0.0556 0.3666 0.044 0.0863
8 0.2986 0.3667 0.0422 0.0958
1 0.375 0.3667 0.0293 0.0974
9 0.2586 0.367 0.0404 0.098
2 0.1794 0.3671 0.0427 0.0944
8 0.2185 0.3672 0.0433 0.0988
1 0.3776 0.6474 0.0298 0.0965
8 0.3002 0.6478 0.0426 0.0942
8 0.219 0.6481 0.0448 0.0965
9 0.2604 0.6481 0.0412 0.0993
2 0.3419 0.6482 0.0462 0.0979
2 0.1806 0.6496 0.0441 0.0952
0 0.1392 0.6498 0.043 0.0937
0 0.0979 0.6505 0.0431 0.0965
5 0.0563 0.6506 0.0467 0.0961
2 0.3468 0.9348 0.0433 0.0994
8 0.3046 0.9349 0.042 0.0983
1 0.381 0.9353 0.0323 0.1029
9 0.2634 0.9359 0.0432 0.0966
8 0.2208 0.9368 0.043 0.0956
2 0.183 0.9384 0.0445 0.0971
0 0.1402 0.9388 0.0419 0.0936
5 0.0563 0.9389 0.0449 0.0952
0 0.0993 0.9389 0.0428 0.0969
