5 0.2648 0.1258 0.0377 0.09
0 0.3037 0.1267 0.0377 0.0867
9 0.4595 0.1275 0.0394 0.092
8 0.4978 0.1275 0.0382 0.095
2 0.5377 0.1275 0.0425 0.0891
8 0.4199 0.1278 0.0398 0.0959
0 0.3428 0.128 0.0383 0.0872
1 0.571 0.1284 0.0282 0.0952
2 0.3827 0.129 0.0428 0.0895
2 0.5412 0.3986 0.0414 0.0889
8 0.5006 0.3988 0.041 0.0881
1 0.5756 0.399 0.032 0.0892
8 0.4226 0.3995 0.038 0.095
9 0.4612 0.3995 0.0396 0.0891
2 0.3857 0.4 0.0429 0.092
0 0.3457 0.4003 0.0383 0.0922
5 0.2661 0.4006 0.0404 0.0878
0 0.3062 0.4007 0.0397 0.0953
8 0.4979 0.6749 0.0415 0.0932
9 0.4586 0.6755 0.0391 0.0932
2 0.539 0.6756 0.0412 0.0977
8 0.4186 0.6758 0.0409 0.0939
1 0.5724 0.6762 0.0317 0.0977
0 0.3402 0.6764 0.0392 0.0888
2 0.3805 0.6767 0.0406 0.0914
0 0.3002 0.677 0.0394 0.0886
5 0.2604 0.6773 0.0399 0.0899
1 0.5786 0.957 0.0335 0.0892
2 0.5405 0.9575 0.0452 0.0912
8 0.4992 0.9578 0.0428 0.0965
5 0.2559 0.9579 0.0435 0.0837
9 0.4593 0.9589 0.0421 0.0968
8 0.4182 0.959 0.0444 0.0963
0 0.2963 0.9596 0.0431 0.087
2 0.3792 0.9598 0.0438 0.0911
0 0.3383 0.9599 0.0436 0.0857
