5 0.4043 0.0848 0.0444 0.0912
5 0.1034 0.0853 0.0428 0.091
0 0.3627 0.0853 0.0449 0.1013
1 0.4468 0.0866 0.0388 0.0932
7 0.3168 0.0868 0.0465 0.0943
0 0.1478 0.0871 0.0454 0.094
0 0.192 0.088 0.043 0.0949
3 0.2741 0.0883 0.0417 0.0905
2 0.235 0.0887 0.0447 0.0933
5 0.4194 0.3702 0.0414 0.092
1 0.4589 0.3708 0.0374 0.0917
0 0.3782 0.3709 0.0456 0.0962
7 0.33 0.374 0.0464 0.0939
3 0.2895 0.3761 0.0379 0.0886
2 0.2514 0.3762 0.0449 0.092
0 0.2076 0.3763 0.0436 0.0941
0 0.1634 0.3768 0.0447 0.0923
5 0.1196 0.3771 0.0452 0.0908
1 0.4585 0.6558 0.0388 0.0958
5 0.4164 0.6562 0.0426 0.0963
0 0.373 0.6572 0.0456 0.098
7 0.3264 0.66 0.0482 0.0932
3 0.2842 0.6619 0.0428 0.0951
2 0.2438 0.6638 0.0453 0.0928
0 0.2014 0.6647 0.0444 0.092
0 0.1583 0.6659 0.0458 0.0968
5 0.1137 0.667 0.0483 0.102
5 0.4127 0.9463 0.0442 0.0958
1 0.4545 0.9463 0.042 0.1027
0 0.3681 0.9474 0.0466 0.0971
7 0.3225 0.9495 0.05 0.0939
3 0.2784 0.952 0.0436 0.0916
2 0.2381 0.9539 0.0448 0.0917
0 0.1951 0.9554 0.0435 0.0961
0 0.1517 0.9565 0.0443 0.0934
5 0.1059 0.9576 0.0471 0.0879
