9 0.2977 0.6771 0.0407 0.0956
9 0.3043 0.3994 0.0397 0.0974
9 0.3029 0.1266 0.0411 0.0922
9 0.2953 0.9599 0.0442 0.0864
8 0.2611 0.1261 0.0429 0.0914
8 0.3419 0.1268 0.0397 0.0945
8 0.2634 0.3990 0.0427 0.0923
8 0.2576 0.6773 0.0434 0.0929
0 0.1430 0.1242 0.0397 0.0881
2 0.2250 0.3999 0.0439 0.0897
0 0.1787 0.6780 0.0410 0.0899
8 0.2558 0.9608 0.0451 0.0870
2 0.2244 0.1270 0.0421 0.0911
2 0.3818 0.1275 0.0442 0.0963
2 0.2189 0.6781 0.0428 0.0900
2 0.2145 0.9610 0.0446 0.0840
1 0.4168 0.3996 0.0304 0.0969
2 0.3835 0.3988 0.0456 0.0954
8 0.3436 0.3989 0.0414 0.0998
0 0.1747 0.9609 0.0415 0.0815
8 0.3362 0.9587 0.0471 0.0904
0 0.1838 0.1252 0.0413 0.0880
5 0.0899 0.9607 0.0467 0.0832
1 0.4133 0.6754 0.0331 0.0952
5 0.0957 0.6805 0.0429 0.0874
0 0.1452 0.3988 0.0407 0.0877
5 0.1037 0.1237 0.0382 0.0884
1 0.4152 0.9572 0.0346 0.0896
0 0.1373 0.6789 0.0425 0.0901
2 0.3775 0.6757 0.0438 0.0964
1 0.4157 0.1290 0.0279 0.0976
0 0.1850 0.3996 0.0397 0.0844
2 0.3781 0.9586 0.0447 0.0916
0 0.1331 0.9611 0.0432 0.0811
5 0.1042 0.3978 0.0398 0.0888
8 0.3377 0.6760 0.0422 0.0963
