5 0.524479 0.129167 0.042708 0.088889
0 0.565104 0.128472 0.042708 0.090278
0 0.605208 0.128472 0.043750 0.090278
2 0.646354 0.129167 0.042708 0.091667
0 0.686979 0.129861 0.040625 0.090278
9 0.729167 0.129167 0.041667 0.091667
9 0.769271 0.128472 0.042708 0.090278
0 0.813021 0.127083 0.042708 0.093056
1 0.852604 0.125694 0.040625 0.093056
5 0.517708 0.408333 0.043750 0.094444
0 0.557813 0.409028 0.044792 0.093056
0 0.598437 0.409028 0.042708 0.095833
2 0.639062 0.407639 0.044792 0.093056
0 0.680208 0.406944 0.043750 0.094444
9 0.720833 0.406944 0.043750 0.094444
9 0.761979 0.406944 0.044792 0.094444
0 0.805208 0.407639 0.047917 0.095833
1 0.844792 0.407639 0.039583 0.095833
5 0.514583 0.688194 0.043750 0.090278
0 0.554167 0.687500 0.045833 0.094444
0 0.594792 0.688194 0.045833 0.095833
2 0.636458 0.687500 0.045833 0.097222
0 0.677604 0.687500 0.046875 0.097222
9 0.719792 0.688194 0.047917 0.095833
9 0.761458 0.688194 0.047917 0.095833
0 0.804688 0.687500 0.051042 0.094444
1 0.843229 0.687500 0.038542 0.094444
