5 0.272917 0.193056 0.039583 0.091667
0 0.314063 0.193750 0.040625 0.093056
0 0.355208 0.194444 0.039583 0.091667
2 0.396354 0.195139 0.042708 0.093056
8 0.437500 0.195833 0.041667 0.094444
9 0.477083 0.195833 0.039583 0.094444
8 0.518750 0.195833 0.041667 0.091667
2 0.559375 0.197222 0.041667 0.091667
0 0.601562 0.197917 0.042708 0.093056
5 0.264062 0.482639 0.040625 0.087500
0 0.304688 0.483333 0.040625 0.091667
0 0.345833 0.484028 0.041667 0.090278
2 0.386458 0.484722 0.041667 0.088889
8 0.427604 0.484028 0.040625 0.090278
9 0.467708 0.485417 0.041667 0.090278
8 0.508854 0.486111 0.040625 0.088889
2 0.549479 0.486806 0.040625 0.090278
0 0.589583 0.486806 0.041667 0.087500
5 0.254688 0.770833 0.036458 0.088889
0 0.294792 0.770139 0.039583 0.087500
0 0.335417 0.770833 0.039583 0.088889
2 0.376563 0.771528 0.040625 0.090278
8 0.417708 0.771528 0.041667 0.090278
9 0.458333 0.772222 0.041667 0.091667
8 0.498958 0.771528 0.041667 0.090278
2 0.539583 0.773611 0.041667 0.091667
0 0.580208 0.774306 0.041667 0.090278
