5 0.353646 0.200000 0.046875 0.100000
0 0.396354 0.200000 0.046875 0.100000
0 0.439583 0.200694 0.043750 0.098611
2 0.482292 0.203472 0.043750 0.098611
8 0.524479 0.203472 0.044792 0.098611
8 0.566146 0.204861 0.044792 0.098611
7 0.611458 0.207639 0.047917 0.095833
5 0.654687 0.207639 0.042708 0.093056
0 0.696354 0.206944 0.044792 0.091667
5 0.351562 0.640278 0.044792 0.097222
0 0.395313 0.640972 0.044792 0.098611
0 0.439063 0.641667 0.044792 0.097222
2 0.482292 0.643750 0.043750 0.101389
8 0.525521 0.645139 0.042708 0.101389
8 0.568750 0.645139 0.045833 0.101389
7 0.611979 0.646528 0.046875 0.101389
5 0.655729 0.648611 0.044792 0.097222
0 0.698958 0.650694 0.043750 0.095833
