5 0.057813 0.238194 0.044792 0.093056
0 0.102083 0.238194 0.045833 0.093056
0 0.145833 0.239583 0.045833 0.093056
2 0.192188 0.241667 0.046875 0.094444
8 0.235417 0.239583 0.045833 0.093056
3 0.278646 0.239583 0.044792 0.095833
8 0.322917 0.241667 0.045833 0.097222
7 0.365104 0.240278 0.044792 0.097222
3 0.410417 0.238194 0.045833 0.098611
5 0.047396 0.689583 0.044792 0.101389
0 0.092708 0.688194 0.045833 0.095833
0 0.137500 0.686806 0.043750 0.095833
2 0.182292 0.688194 0.045833 0.098611
8 0.227083 0.686806 0.045833 0.098611
3 0.270833 0.686806 0.043750 0.098611
8 0.315625 0.685417 0.045833 0.095833
7 0.357812 0.684722 0.046875 0.100000
3 0.403646 0.685417 0.042708 0.095833
