5 0.360417 0.279861 0.047917 0.098611
0 0.402083 0.281944 0.045833 0.097222
0 0.443750 0.281250 0.047917 0.095833
2 0.485417 0.284028 0.045833 0.098611
8 0.527083 0.283333 0.045833 0.097222
3 0.568750 0.282639 0.047917 0.098611
8 0.610417 0.284028 0.047917 0.101389
7 0.652604 0.284028 0.051042 0.098611
3 0.696354 0.284722 0.051042 0.097222
5 0.349479 0.713194 0.051042 0.104167
0 0.393229 0.713194 0.048958 0.101389
0 0.435417 0.713889 0.050000 0.100000
2 0.478125 0.715972 0.050000 0.104167
8 0.520312 0.715278 0.048958 0.105556
3 0.562500 0.714583 0.050000 0.104167
8 0.606250 0.717361 0.050000 0.101389
7 0.650000 0.718056 0.052083 0.102778
3 0.694271 0.719444 0.051042 0.102778
