5 0.147396 0.071528 0.040625 0.090278
0 0.188542 0.070833 0.039583 0.091667
0 0.230729 0.072917 0.042708 0.090278
2 0.273438 0.072222 0.042708 0.088889
8 0.312500 0.074306 0.043750 0.090278
9 0.354167 0.074306 0.041667 0.090278
8 0.394792 0.074306 0.039583 0.093056
2 0.435417 0.074306 0.041667 0.093056
0 0.476042 0.074306 0.041667 0.090278
5 0.147917 0.361806 0.039583 0.090278
0 0.188542 0.361806 0.041667 0.090278
0 0.229167 0.361806 0.041667 0.090278
2 0.270313 0.361806 0.040625 0.090278
8 0.310417 0.361806 0.039583 0.090278
9 0.350521 0.361806 0.040625 0.090278
8 0.392188 0.361806 0.038542 0.090278
2 0.431771 0.361806 0.040625 0.090278
0 0.472917 0.361806 0.039583 0.090278
5 0.151042 0.649306 0.041667 0.090278
0 0.191667 0.647222 0.041667 0.088889
0 0.232813 0.647222 0.040625 0.088889
2 0.275521 0.647917 0.042708 0.090278
8 0.315104 0.645833 0.042708 0.091667
9 0.354687 0.645833 0.040625 0.091667
8 0.394792 0.644444 0.041667 0.088889
2 0.436979 0.644444 0.042708 0.088889
0 0.476042 0.646528 0.041667 0.087500
5 0.148438 0.943056 0.040625 0.094444
0 0.189062 0.940278 0.040625 0.091667
0 0.231771 0.940278 0.042708 0.091667
2 0.271875 0.940972 0.043750 0.093056
8 0.314063 0.938194 0.042708 0.093056
9 0.355208 0.938194 0.041667 0.095833
8 0.395833 0.936806 0.041667 0.093056
2 0.436979 0.936806 0.042708 0.095833
0 0.477604 0.936806 0.042708 0.093056
