5 0.2643 0.1094 0.0452 0.0936
1 0.5951 0.1098 0.0379 0.0942
7 0.4684 0.11 0.0432 0.0929
0 0.3072 0.1103 0.0428 0.0984
0 0.513 0.1103 0.0445 0.0966
5 0.5542 0.1105 0.0427 0.0914
0 0.3486 0.111 0.0429 0.0924
3 0.4276 0.111 0.0394 0.0901
2 0.3893 0.1115 0.0435 0.0901
0 0.5182 0.3888 0.0399 0.0943
5 0.557 0.3889 0.0425 0.0933
5 0.2682 0.3901 0.0435 0.0864
7 0.4728 0.3901 0.0458 0.0882
0 0.3106 0.3903 0.0435 0.0907
2 0.3921 0.3904 0.043 0.0877
1 0.5988 0.3904 0.0371 0.0938
0 0.3515 0.3906 0.0407 0.0883
3 0.4308 0.3908 0.0398 0.0889
1 0.5942 0.6699 0.0394 0.0963
5 0.5534 0.6701 0.0428 0.0909
0 0.5113 0.6702 0.0469 0.0955
7 0.4649 0.671 0.0447 0.0963
5 0.2586 0.6717 0.0441 0.0954
0 0.3023 0.672 0.0431 0.0967
0 0.344 0.6723 0.0406 0.0913
2 0.3861 0.6726 0.0456 0.0889
3 0.4246 0.6733 0.0376 0.101
7 0.4601 0.9545 0.0478 0.0886
1 0.5889 0.9545 0.0413 0.0922
0 0.5054 0.9547 0.0453 0.0895
5 0.5497 0.955 0.0441 0.0842
3 0.4162 0.9569 0.0437 0.0879
2 0.377 0.958 0.0463 0.0895
5 0.2487 0.9581 0.0452 0.0851
0 0.3342 0.9583 0.0436 0.0892
0 0.2927 0.9586 0.0425 0.0877
