9 0.4477 0.0838 0.0412 0.0984
9 0.4535 0.3662 0.0372 0.0942
9 0.4594 0.6481 0.0383 0.0976
9 0.4651 0.9368 0.0420 0.1009
8 0.4243 0.9364 0.0414 0.0999
8 0.4996 0.6475 0.0418 0.1009
8 0.4186 0.6481 0.0391 0.0969
0 0.3396 0.6494 0.0401 0.0888
2 0.3811 0.6494 0.0410 0.0926
0 0.3280 0.0831 0.0416 0.0938
0 0.3339 0.3662 0.0384 0.0884
0 0.2985 0.6495 0.0391 0.0877
8 0.4932 0.3647 0.0420 0.0906
0 0.2935 0.3660 0.0402 0.0908
5 0.2530 0.3647 0.0399 0.0932
8 0.5049 0.9364 0.0417 0.0987
2 0.5349 0.3646 0.0443 0.0928
8 0.4125 0.3662 0.0392 0.0953
2 0.5415 0.6481 0.0448 0.0898
2 0.3746 0.3664 0.0406 0.0910
1 0.5779 0.6484 0.0320 0.0942
8 0.4868 0.0835 0.0416 0.0931
2 0.3856 0.9373 0.0440 0.1044
0 0.3433 0.9386 0.0393 0.0982
1 0.5692 0.3645 0.0293 0.0943
0 0.3015 0.9391 0.0387 0.1033
1 0.5824 0.9383 0.0345 0.1045
2 0.5273 0.0843 0.0418 0.0964
5 0.2600 0.9394 0.0418 0.1115
2 0.5454 0.9372 0.0422 0.0986
5 0.2470 0.0812 0.0365 0.0922
5 0.2576 0.6489 0.0400 0.0909
8 0.4077 0.0832 0.0429 0.0987
1 0.5643 0.0850 0.0352 0.0992
0 0.2867 0.0815 0.0400 0.0893
2 0.3683 0.0840 0.0421 0.1011
