5 0.272917 0.193750 0.047917 0.098611
0 0.313542 0.195833 0.047917 0.097222
0 0.354687 0.194444 0.048958 0.100000
2 0.395313 0.196528 0.048958 0.104167
8 0.436458 0.195833 0.045833 0.102778
9 0.477604 0.195833 0.046875 0.097222
8 0.518750 0.195139 0.045833 0.098611
2 0.559896 0.197222 0.046875 0.100000
0 0.599479 0.197222 0.044792 0.097222
5 0.262500 0.483333 0.050000 0.097222
0 0.305208 0.484722 0.047917 0.094444
0 0.345313 0.484028 0.048958 0.095833
2 0.385937 0.485417 0.048958 0.098611
8 0.426042 0.485417 0.045833 0.098611
9 0.467187 0.486806 0.048958 0.098611
8 0.509375 0.486111 0.047917 0.097222
2 0.549479 0.487500 0.046875 0.100000
0 0.590104 0.488194 0.048958 0.098611
5 0.253125 0.770833 0.047917 0.100000
0 0.294792 0.771528 0.047917 0.095833
0 0.335938 0.772222 0.046875 0.097222
2 0.376563 0.775000 0.048958 0.100000
8 0.416667 0.772222 0.045833 0.097222
9 0.457292 0.773611 0.045833 0.097222
8 0.498437 0.773611 0.046875 0.097222
2 0.539583 0.775694 0.047917 0.098611
0 0.579688 0.775694 0.046875 0.095833
