5 0.287500 0.242361 0.043750 0.098611
0 0.330208 0.242361 0.043750 0.098611
0 0.372396 0.243056 0.044792 0.094444
2 0.416667 0.243056 0.043750 0.100000
8 0.458854 0.243750 0.044792 0.101389
3 0.502083 0.243750 0.045833 0.101389
8 0.545312 0.240278 0.046875 0.100000
7 0.589583 0.242361 0.047917 0.101389
3 0.634375 0.242361 0.045833 0.098611
5 0.279687 0.689583 0.044792 0.098611
0 0.323958 0.689583 0.045833 0.098611
0 0.366667 0.686806 0.045833 0.095833
2 0.411458 0.688194 0.047917 0.101389
8 0.454688 0.687500 0.044792 0.100000
3 0.497396 0.686111 0.044792 0.100000
8 0.541667 0.685417 0.047917 0.098611
7 0.584375 0.686806 0.047917 0.101389
3 0.631250 0.688194 0.045833 0.101389
