5 0.176563 0.218056 0.048958 0.094444
0 0.220833 0.218056 0.047917 0.094444
0 0.265625 0.218056 0.045833 0.094444
2 0.309375 0.220139 0.045833 0.095833
8 0.351562 0.218750 0.044792 0.095833
8 0.394792 0.218750 0.047917 0.095833
7 0.438021 0.220139 0.048958 0.095833
5 0.481250 0.221528 0.045833 0.095833
0 0.523958 0.221528 0.050000 0.095833
5 0.183854 0.665278 0.046875 0.100000
0 0.228125 0.665278 0.047917 0.102778
0 0.271875 0.665278 0.045833 0.100000
2 0.315104 0.665972 0.046875 0.101389
8 0.358854 0.664583 0.046875 0.098611
8 0.401562 0.663194 0.046875 0.098611
7 0.445833 0.663194 0.050000 0.098611
5 0.489583 0.663194 0.045833 0.098611
0 0.533333 0.662500 0.050000 0.097222
