5 0.5873 0.0987 0.0408 0.0953
0 0.545 0.099 0.0439 0.1003
1 0.6296 0.0992 0.0406 0.098
7 0.5009 0.0998 0.0484 0.0968
5 0.2944 0.1003 0.0379 0.09
0 0.3786 0.1005 0.04 0.09
3 0.4584 0.1006 0.0415 0.0944
0 0.3371 0.1007 0.0389 0.0883
2 0.4187 0.1015 0.0422 0.0924
0 0.5473 0.3813 0.0431 0.0937
5 0.5893 0.3818 0.0409 0.0865
7 0.5027 0.3822 0.0459 0.094
1 0.6288 0.3826 0.0393 0.0915
5 0.2985 0.3827 0.0384 0.0906
0 0.3389 0.3827 0.0407 0.0898
0 0.3811 0.383 0.0404 0.08900000000000001
3 0.4609 0.3834 0.0416 0.0935
2 0.422 0.3835 0.0426 0.0851
5 0.5842 0.6632 0.0404 0.0881
0 0.5418 0.6633 0.0457 0.0944
1 0.6245 0.6637 0.0399 0.0964
7 0.4971 0.6647 0.0463 0.0937
0 0.3737 0.6659999999999999 0.043 0.0872
3 0.4556 0.6659999999999999 0.0417 0.0893
5 0.2899 0.6665 0.0428 0.0928
0 0.3319 0.6666 0.0423 0.0919
2 0.4154 0.6666 0.0458 0.0895
0 0.5374 0.9497 0.04 0.0987
7 0.4907 0.9499 0.0466 0.0928
5 0.5789 0.9508 0.0419 0.0924
1 0.6213 0.9514 0.0392 0.0937
3 0.4488 0.9522 0.0392 0.0882
2 0.4091 0.9541 0.0438 0.0903
5 0.2806 0.9547 0.0397 0.0877
0 0.3670000000000001 0.9547 0.0418 0.092
0 0.3236 0.9554 0.0413 0.0931
