5 0.033333 0.070139 0.041667 0.090278
0 0.073958 0.070139 0.043750 0.093056
0 0.115104 0.070139 0.044792 0.093056
2 0.157812 0.072222 0.044792 0.091667
8 0.197917 0.072917 0.043750 0.093056
9 0.239063 0.072917 0.044792 0.093056
8 0.280208 0.073611 0.045833 0.094444
2 0.321354 0.073611 0.046875 0.094444
0 0.362500 0.073611 0.045833 0.094444
5 0.042708 0.361111 0.043750 0.088889
0 0.083333 0.361806 0.043750 0.090278
0 0.123958 0.361111 0.043750 0.091667
2 0.166146 0.361111 0.044792 0.091667
8 0.207292 0.361111 0.045833 0.091667
9 0.248438 0.361111 0.044792 0.091667
8 0.289062 0.361111 0.042708 0.091667
2 0.329688 0.361111 0.042708 0.091667
0 0.369792 0.361111 0.041667 0.091667
5 0.044792 0.650694 0.043750 0.087500
0 0.086979 0.650000 0.042708 0.088889
0 0.128646 0.649306 0.042708 0.090278
2 0.171354 0.649306 0.044792 0.093056
8 0.211979 0.647917 0.044792 0.093056
9 0.253646 0.646528 0.044792 0.093056
8 0.293750 0.647222 0.041667 0.094444
2 0.334896 0.647222 0.040625 0.091667
0 0.375521 0.646528 0.042708 0.087500
5 0.041667 0.942361 0.039583 0.090278
0 0.083333 0.942361 0.043750 0.090278
0 0.123958 0.941667 0.039583 0.088889
2 0.166667 0.942361 0.043750 0.090278
8 0.207813 0.939583 0.040625 0.090278
9 0.250000 0.938889 0.041667 0.091667
8 0.291667 0.936111 0.041667 0.094444
2 0.332813 0.937500 0.040625 0.094444
0 0.374479 0.936111 0.042708 0.091667
