5 0.057292 0.130556 0.041667 0.086111
0 0.097917 0.129861 0.045833 0.090278
0 0.139583 0.129861 0.041667 0.090278
2 0.182292 0.131944 0.043750 0.088889
0 0.222396 0.132639 0.042708 0.090278
9 0.263542 0.133333 0.043750 0.091667
9 0.304167 0.133333 0.043750 0.091667
0 0.345833 0.134028 0.045833 0.093056
1 0.385417 0.134028 0.043750 0.093056
5 0.050521 0.409028 0.042708 0.090278
0 0.090625 0.409028 0.043750 0.090278
0 0.133854 0.409028 0.042708 0.090278
2 0.174479 0.409028 0.044792 0.090278
0 0.215625 0.409028 0.041667 0.090278
9 0.256771 0.409028 0.042708 0.090278
9 0.297396 0.409028 0.042708 0.090278
0 0.339583 0.408333 0.043750 0.088889
1 0.378646 0.409722 0.038542 0.088889
5 0.042708 0.690278 0.041667 0.091667
0 0.084896 0.688889 0.044792 0.091667
0 0.126562 0.687500 0.042708 0.091667
2 0.168229 0.686806 0.044792 0.090278
0 0.209375 0.687500 0.041667 0.091667
9 0.250521 0.686111 0.042708 0.091667
9 0.291667 0.686111 0.043750 0.091667
0 0.334375 0.684722 0.043750 0.094444
1 0.374479 0.684722 0.042708 0.094444
