5 0.338542 0.232639 0.041667 0.095833
0 0.381771 0.233333 0.042708 0.094444
0 0.424479 0.232639 0.040625 0.093056
2 0.467708 0.233333 0.043750 0.094444
8 0.510417 0.231250 0.043750 0.095833
3 0.554688 0.231944 0.042708 0.097222
8 0.597917 0.231250 0.043750 0.095833
7 0.640104 0.231250 0.044792 0.095833
3 0.687500 0.231944 0.047917 0.097222
5 0.334896 0.679861 0.042708 0.098611
0 0.379167 0.679167 0.045833 0.097222
0 0.422396 0.678472 0.044792 0.098611
2 0.467187 0.679167 0.046875 0.100000
8 0.510417 0.677083 0.045833 0.101389
3 0.554167 0.678472 0.045833 0.104167
8 0.596354 0.676389 0.048958 0.102778
7 0.639062 0.678472 0.046875 0.104167
3 0.687500 0.678472 0.050000 0.104167
