5 0.366146 0.128472 0.040625 0.090278
0 0.406250 0.127778 0.041667 0.091667
0 0.445833 0.127778 0.041667 0.091667
2 0.488021 0.129861 0.044792 0.090278
0 0.526563 0.128472 0.042708 0.095833
9 0.568229 0.128472 0.040625 0.093056
9 0.608854 0.127778 0.040625 0.091667
0 0.652083 0.127778 0.043750 0.091667
1 0.690104 0.129167 0.038542 0.091667
5 0.359375 0.408333 0.045833 0.091667
0 0.399479 0.409028 0.044792 0.093056
0 0.439063 0.408333 0.042708 0.091667
2 0.480729 0.409028 0.046875 0.093056
0 0.520312 0.407639 0.044792 0.090278
9 0.561458 0.408333 0.045833 0.094444
9 0.602604 0.407639 0.044792 0.095833
0 0.645833 0.406250 0.047917 0.095833
1 0.684375 0.406944 0.041667 0.094444
5 0.353646 0.688194 0.042708 0.093056
0 0.394271 0.688194 0.042708 0.093056
0 0.435417 0.686806 0.041667 0.095833
2 0.476562 0.688194 0.044792 0.095833
0 0.517188 0.686806 0.044792 0.093056
9 0.557813 0.686111 0.044792 0.094444
9 0.598958 0.686111 0.045833 0.097222
0 0.641667 0.685417 0.047917 0.095833
1 0.681250 0.686111 0.043750 0.094444
