5 0.315625 0.209722 0.045833 0.097222
0 0.359896 0.209028 0.046875 0.098611
0 0.404167 0.207639 0.045833 0.098611
2 0.447917 0.208333 0.047917 0.100000
8 0.490104 0.206250 0.042708 0.098611
8 0.532813 0.204861 0.044792 0.098611
7 0.577083 0.204167 0.047917 0.097222
5 0.621354 0.202778 0.044792 0.097222
0 0.665104 0.200000 0.042708 0.097222
5 0.331250 0.659028 0.047917 0.095833
0 0.375000 0.657639 0.045833 0.098611
0 0.419271 0.656250 0.046875 0.098611
2 0.463021 0.655556 0.046875 0.100000
8 0.506250 0.653472 0.045833 0.098611
8 0.548958 0.651389 0.043750 0.097222
7 0.593750 0.651389 0.047917 0.097222
5 0.638021 0.650694 0.046875 0.098611
0 0.681771 0.648611 0.048958 0.097222
