5 0.4263 0.2411 0.0436 0.1025
0 0.1234 0.242 0.0451 0.0949
8 0.3409 0.242 0.0471 0.1011
5 0.0799 0.2424 0.0437 0.0968
0 0.1663 0.2424 0.0441 0.0931
2 0.3853 0.243 0.0465 0.1043
3 0.2098 0.2432 0.0423 0.0995
7 0.2979 0.244 0.0497 0.0968
7 0.251 0.2445 0.0467 0.0947
5 0.4308 0.6798 0.044000000000000004 0.0986
8 0.3468 0.6811 0.0484 0.1059
2 0.3896 0.6813 0.0441 0.0997
7 0.3028 0.6838 0.0534 0.1033
7 0.2579 0.6849 0.0481 0.1029
3 0.2136 0.6852 0.0466 0.0989
0 0.1698 0.6856 0.0455 0.1017
0 0.1259 0.6857 0.0446 0.0952
5 0.0814 0.6858 0.046 0.0979
