5 0.199479 0.11180599999999999 0.040625 0.093056
6 0.483854 0.1125 0.036458 0.105556
0 0.241146 0.113194 0.040625 0.090278
3 0.321875 0.113889 0.0375 0.08611100000000001
2 0.444271 0.113889 0.044792 0.091667
1 0.520833 0.113889 0.03125 0.094444
0 0.282292 0.11527799999999999 0.039583 0.08611100000000001
9 0.361458 0.11527799999999999 0.041667 0.091667
0 0.403125 0.11527799999999999 0.039583 0.094444
6 0.483854 0.399306 0.040625 0.098611
1 0.520833 0.399306 0.033333 0.093056
5 0.20208299999999998 0.4 0.041667 0.088889
0 0.404167 0.400694 0.041667 0.093056
2 0.44375 0.400694 0.04375 0.093056
0 0.243229 0.401389 0.040625 0.091667
0 0.28281300000000004 0.401389 0.038542 0.08611100000000001
3 0.324479 0.401389 0.040625 0.094444
9 0.364063 0.401389 0.040625 0.094444
6 0.485417 0.68125 0.041667 0.095833
1 0.521354 0.682639 0.034375 0.093056
0 0.405729 0.683333 0.042707999999999996 0.088889
2 0.444792 0.683333 0.041667 0.094444
9 0.364583 0.684028 0.041667 0.093056
3 0.325 0.684722 0.041667 0.091667
0 0.28541700000000003 0.685417 0.039583 0.090278
5 0.202604 0.686806 0.040625 0.095833
0 0.24427100000000002 0.686806 0.042707999999999996 0.093056
