5 0.069271 0.109028 0.044792 0.098611
0 0.108854 0.110417 0.046875 0.098611
0 0.150000 0.110417 0.045833 0.098611
6 0.352604 0.111806 0.044792 0.101389
3 0.191667 0.111806 0.047917 0.098611
9 0.231771 0.112500 0.046875 0.097222
0 0.271354 0.113194 0.046875 0.101389
2 0.312500 0.112500 0.047917 0.097222
1 0.389062 0.114583 0.040625 0.101389
6 0.355208 0.392361 0.043750 0.095833
9 0.235937 0.393750 0.048958 0.098611
0 0.275521 0.394444 0.046875 0.097222
1 0.393750 0.393056 0.043750 0.094444
3 0.195312 0.393056 0.048958 0.097222
2 0.315625 0.394444 0.047917 0.097222
0 0.113542 0.393750 0.047917 0.095833
0 0.154167 0.394444 0.047917 0.094444
5 0.071354 0.394444 0.048958 0.097222
6 0.358333 0.673611 0.047917 0.100000
1 0.392708 0.675000 0.039583 0.097222
2 0.316667 0.675694 0.047917 0.095833
0 0.276042 0.675694 0.045833 0.095833
9 0.236458 0.676389 0.047917 0.094444
3 0.194792 0.678472 0.045833 0.098611
0 0.153125 0.678472 0.047917 0.095833
0 0.113021 0.679861 0.048958 0.095833
5 0.070312 0.679861 0.046875 0.101389
1 0.395313 0.956944 0.040625 0.086111
6 0.359896 0.956250 0.046875 0.087500
2 0.317708 0.957639 0.047917 0.084722
0 0.276042 0.958333 0.047917 0.083333
9 0.235937 0.958333 0.046875 0.083333
3 0.194792 0.959028 0.047917 0.081944
0 0.153125 0.960417 0.047917 0.079167
0 0.110937 0.960417 0.046875 0.079167
5 0.070312 0.961111 0.046875 0.077778
