7 0.724219 0.111458 0.064062 0.131250
5 0.260937 0.114583 0.062500 0.133333
0 0.317188 0.115625 0.062500 0.135417
9 0.547656 0.115625 0.067187 0.131250
4 0.664844 0.112500 0.073438 0.129167
0 0.373437 0.115625 0.062500 0.131250
9 0.604688 0.113542 0.062500 0.127083
3 0.428906 0.116667 0.064062 0.129167
4 0.490625 0.116667 0.071875 0.133333
7 0.732812 0.684375 0.065625 0.131250
9 0.615625 0.686458 0.065625 0.127083
4 0.675000 0.686458 0.068750 0.131250
9 0.560937 0.687500 0.062500 0.125000
4 0.503906 0.688542 0.070312 0.122917
5 0.278906 0.691667 0.060937 0.129167
0 0.389062 0.689583 0.059375 0.125000
3 0.444531 0.688542 0.064062 0.122917
0 0.334375 0.690625 0.059375 0.122917
