5 0.0392 0.1547 0.0441 0.1064
0 0.0851 0.1547 0.047 0.1051
0 0.1322 0.1551 0.0466 0.1028
3 0.17600000000000002 0.1561 0.0449 0.1075
5 0.4027 0.1568 0.0421 0.1099
7 0.21899999999999997 0.1578 0.0503 0.1108
8 0.3132 0.1582 0.0508 0.1126
2 0.3591 0.1583 0.0453 0.1066
7 0.2679 0.1586 0.0526 0.1112
5 0.4076 0.6138 0.0461 0.1036
2 0.3649 0.6144 0.0473 0.1066
8 0.3219 0.6145 0.0493 0.1014
7 0.2284 0.6165 0.051 0.1065
7 0.2742 0.6165 0.0544 0.1066
3 0.1828 0.6172 0.0472 0.1029
0 0.1377 0.6176 0.0483 0.1074
0 0.0924 0.6181 0.0492 0.1087
5 0.0435 0.6185 0.0459 0.1121
