5 0.5998 0.1893 0.0442 0.1058
5 0.2406 0.1907 0.0501 0.1028
2 0.557 0.1908 0.0469 0.1095
8 0.5121 0.191 0.0487 0.1027
0 0.2876 0.1912 0.0476 0.1032
0 0.3301 0.1916 0.0438 0.1005
7 0.4669 0.193 0.0527 0.10400000000000001
3 0.3754 0.1931 0.0436 0.1048
7 0.4196 0.1931 0.0511 0.1045
5 0.5966 0.6467 0.0439 0.107
8 0.5087 0.6472 0.0491 0.0986
2 0.5529 0.6482 0.0492 0.1036
7 0.4625 0.6488 0.0512 0.1057
7 0.4179 0.6501 0.0495 0.1052
3 0.3727 0.6503 0.0469 0.1019
5 0.2375 0.6504 0.0461 0.1028
0 0.2833 0.6506 0.0469 0.1051
0 0.32799999999999996 0.6507 0.046 0.1033
