9 0.233884 0.687500 0.041667 0.095588
9 0.231132 0.122899 0.042453 0.090336
9 0.234670 0.403887 0.038522 0.091387
0 0.274371 0.403887 0.039308 0.089286
0 0.111242 0.689601 0.041667 0.099790
0 0.152909 0.404412 0.041667 0.086134
0 0.152909 0.689601 0.041667 0.095588
0 0.274371 0.686450 0.042453 0.093487
5 0.068003 0.689601 0.041667 0.101891
0 0.109277 0.120273 0.039308 0.087185
3 0.193396 0.688025 0.042453 0.094538
0 0.272799 0.123950 0.042453 0.088235
0 0.150157 0.121324 0.039308 0.085084
5 0.067610 0.120798 0.040881 0.088235
5 0.069575 0.402311 0.044811 0.088235
2 0.314858 0.686450 0.043239 0.093487
3 0.194969 0.403887 0.040881 0.091387
1 0.391116 0.402836 0.032233 0.095588
6 0.351415 0.121324 0.039308 0.093487
2 0.314858 0.403887 0.038522 0.093487
3 0.191038 0.121849 0.042453 0.088235
1 0.389937 0.686450 0.033019 0.095588
2 0.311714 0.123950 0.040094 0.090336
0 0.112421 0.403887 0.040881 0.089286
1 0.388365 0.122899 0.028302 0.092437
