0 0.0829 0.1856 0.0491 0.1029
0 0.1296 0.1863 0.0474 0.1019
5 0.0366 0.1868 0.0514 0.106
5 0.4032 0.1875 0.0432 0.1089
8 0.313 0.1877 0.0497 0.1057
3 0.1748 0.1879 0.0462 0.0996
7 0.2678 0.1881 0.0501 0.1056
2 0.3587 0.1887 0.0487 0.1064
7 0.2198 0.1888 0.0504 0.1038
5 0.4041 0.6438 0.0445 0.1102
8 0.3148 0.6447 0.0491 0.1044
2 0.3593 0.6461 0.0475 0.1061
7 0.2686 0.6472 0.0525 0.106
7 0.223 0.6484 0.0515 0.1062
0 0.1305 0.6489 0.0476 0.1029
3 0.1768 0.6489 0.0475 0.1027
0 0.0839 0.6493 0.05 0.1066
5 0.0371 0.6499 0.055999999999999994 0.11
