9 0.320833 0.084028 0.039583 0.098611
9 0.328125 0.652083 0.041667 0.090278
9 0.328125 0.942361 0.041667 0.101389
9 0.327083 0.367361 0.041667 0.095833
0 0.369271 0.940278 0.042708 0.088889
1 0.486979 0.938889 0.034375 0.105556
6 0.446875 0.365278 0.037500 0.102778
5 0.164062 0.651389 0.040625 0.100000
0 0.245833 0.365972 0.039583 0.087500
0 0.247396 0.652083 0.038542 0.090278
0 0.366667 0.367361 0.041667 0.090278
6 0.450000 0.938194 0.043750 0.098611
2 0.402083 0.085417 0.041667 0.095833
5 0.163021 0.365972 0.040625 0.087500
5 0.162500 0.944444 0.041667 0.100000
0 0.240104 0.081944 0.038542 0.086111
0 0.198437 0.080556 0.040625 0.094444
2 0.407813 0.650694 0.044792 0.095833
0 0.368750 0.650694 0.041667 0.090278
6 0.442188 0.084028 0.040625 0.095833
0 0.206771 0.652083 0.040625 0.095833
0 0.205208 0.365972 0.039583 0.090278
1 0.482812 0.366667 0.032292 0.100000
0 0.361458 0.083333 0.039583 0.097222
3 0.287500 0.652778 0.043750 0.094444
6 0.448437 0.650000 0.040625 0.100000
2 0.409375 0.938889 0.045833 0.097222
1 0.483333 0.651389 0.033333 0.097222
5 0.156771 0.079167 0.040625 0.097222
0 0.204167 0.943750 0.041667 0.101389
3 0.285938 0.366667 0.040625 0.088889
3 0.281250 0.083333 0.039583 0.091667
0 0.245833 0.943750 0.039583 0.093056
1 0.479687 0.085417 0.032292 0.095833
2 0.407292 0.366667 0.039583 0.094444
3 0.287500 0.942361 0.041667 0.095833
