5 0.059375 0.188194 0.054167 0.109722
0 0.106250 0.188194 0.054167 0.106944
0 0.150521 0.188194 0.051042 0.106944
3 0.195312 0.188889 0.053125 0.105556
5 0.418229 0.193056 0.053125 0.108333
8 0.330208 0.191667 0.052083 0.108333
7 0.239583 0.190972 0.054167 0.106944
2 0.373958 0.193750 0.050000 0.106944
7 0.285417 0.191667 0.054167 0.105556
5 0.422917 0.640278 0.052083 0.108333
2 0.378646 0.641667 0.051042 0.108333
8 0.334896 0.640972 0.051042 0.106944
3 0.199479 0.642361 0.053125 0.106944
7 0.243750 0.642361 0.054167 0.106944
7 0.290104 0.642361 0.057292 0.106944
0 0.108333 0.644444 0.052083 0.111111
0 0.153125 0.641667 0.054167 0.108333
5 0.062500 0.642361 0.052083 0.106944
