9 0.234896 0.681944 0.040625 0.094444
9 0.232813 0.120833 0.040625 0.088889
9 0.235417 0.400694 0.041667 0.093056
0 0.154688 0.401389 0.040625 0.088889
0 0.275521 0.680556 0.040625 0.094444
0 0.113021 0.685417 0.042708 0.104167
0 0.113542 0.401389 0.041667 0.097222
5 0.069271 0.119444 0.040625 0.088889
0 0.154688 0.685417 0.044792 0.093056
0 0.276042 0.399306 0.041667 0.087500
3 0.195833 0.684028 0.041667 0.090278
0 0.151042 0.121528 0.041667 0.084722
3 0.192708 0.120833 0.041667 0.088889
5 0.069271 0.686806 0.044792 0.101389
1 0.392188 0.400694 0.032292 0.093056
6 0.357292 0.680556 0.039583 0.091667
6 0.352604 0.119444 0.038542 0.094444
1 0.388021 0.122917 0.030208 0.093056
0 0.111458 0.119444 0.039583 0.086111
0 0.273438 0.122917 0.040625 0.087500
3 0.196875 0.400694 0.043750 0.087500
2 0.316667 0.399306 0.041667 0.090278
2 0.315625 0.681944 0.041667 0.094444
2 0.314063 0.122917 0.040625 0.093056
1 0.392188 0.681944 0.032292 0.094444
5 0.072396 0.399306 0.044792 0.095833
