5 0.306250 0.245833 0.059375 0.125000
0 0.364063 0.245833 0.056250 0.125000
0 0.421094 0.244792 0.054688 0.127083
0 0.477344 0.243750 0.054688 0.125000
9 0.535156 0.242708 0.054688 0.122917
1 0.585938 0.241667 0.046875 0.125000
8 0.633594 0.240625 0.054688 0.122917
5 0.689844 0.239583 0.051562 0.125000
8 0.748437 0.240625 0.059375 0.127083
5 0.293750 0.604167 0.056250 0.125000
0 0.353906 0.603125 0.051562 0.118750
0 0.407813 0.602083 0.050000 0.120833
0 0.464844 0.597917 0.051562 0.116667
9 0.520312 0.597917 0.053125 0.120833
1 0.570312 0.597917 0.043750 0.125000
8 0.617969 0.594792 0.051562 0.122917
5 0.672656 0.594792 0.054688 0.122917
8 0.728906 0.593750 0.060937 0.120833
