9 0.5434 0.2472 0.0598 0.1175
9 0.6321 0.5968 0.0556 0.1192
9 0.5936 0.2451 0.0479 0.1076
0 0.4810 0.6013 0.0500 0.1175
0 0.4864 0.2502 0.0514 0.1228
8 0.6384 0.2457 0.0576 0.1121
5 0.3173 0.2479 0.0569 0.1165
0 0.3742 0.2475 0.0529 0.1193
0 0.4296 0.2498 0.0544 0.1172
8 0.7484 0.2428 0.0561 0.1150
1 0.5932 0.2508 0.0468 0.1353
5 0.6877 0.5953 0.0517 0.1307
1 0.5850 0.5985 0.0485 0.1317
0 0.4242 0.6009 0.0529 0.1159
5 0.3127 0.5999 0.0545 0.1177
8 0.7415 0.5940 0.0551 0.1144
3 0.5373 0.6001 0.0479 0.1223
0 0.3690 0.6003 0.0504 0.1189
