8 0.499219 0.242708 0.057813 0.118750
5 0.443750 0.240625 0.053125 0.122917
5 0.054688 0.244792 0.056250 0.122917
0 0.115625 0.246875 0.053125 0.122917
1 0.340625 0.243750 0.040625 0.125000
8 0.387500 0.242708 0.053125 0.131250
0 0.171875 0.246875 0.056250 0.122917
9 0.289844 0.243750 0.051562 0.120833
0 0.230469 0.247917 0.054688 0.116667
8 0.484375 0.592708 0.050000 0.118750
8 0.375000 0.593750 0.056250 0.116667
9 0.278125 0.597917 0.059375 0.116667
1 0.329688 0.598958 0.046875 0.118750
0 0.222656 0.600000 0.054688 0.116667
0 0.105469 0.601042 0.051562 0.118750
0 0.167187 0.601042 0.053125 0.114583
5 0.049219 0.604167 0.054688 0.116667
5 0.431250 0.595833 0.053125 0.120833
