5 0.898438 0.233333 0.053125 0.129167
8 0.839844 0.233333 0.060937 0.125000
9 0.739844 0.235417 0.060937 0.120833
5 0.506250 0.241667 0.059375 0.125000
0 0.564844 0.237500 0.054688 0.125000
0 0.622656 0.237500 0.057813 0.120833
0 0.680469 0.237500 0.054688 0.125000
5 0.882812 0.596875 0.050000 0.122917
8 0.942187 0.596875 0.056250 0.122917
8 0.825781 0.598958 0.057813 0.122917
1 0.778125 0.601042 0.043750 0.127083
9 0.727344 0.602083 0.051562 0.129167
0 0.614062 0.602083 0.053125 0.120833
0 0.553906 0.603125 0.054688 0.118750
5 0.495312 0.606250 0.056250 0.125000
0 0.668750 0.602083 0.050000 0.125000
8 0.957031 0.229167 0.060937 0.129167
