0 0.104688 0.251042 0.065625 0.127083
5 0.044531 0.250000 0.064062 0.137500
8 0.486719 0.245833 0.064062 0.129167
1 0.327344 0.248958 0.051562 0.127083
8 0.375781 0.246875 0.060937 0.127083
9 0.278125 0.248958 0.065625 0.127083
0 0.164062 0.250000 0.065625 0.129167
0 0.221094 0.248958 0.067187 0.127083
8 0.482812 0.597917 0.065625 0.129167
8 0.370312 0.598958 0.062500 0.127083
1 0.324219 0.601042 0.054688 0.127083
9 0.273438 0.603125 0.062500 0.127083
0 0.101562 0.606250 0.062500 0.129167
0 0.160156 0.604167 0.064062 0.129167
0 0.216406 0.604167 0.060937 0.125000
5 0.042969 0.608333 0.064062 0.129167
5 0.432031 0.247917 0.064062 0.129167
5 0.425781 0.597917 0.064062 0.133333
