5 0.903906 0.240625 0.054688 0.118750
8 0.959375 0.239583 0.053125 0.116667
8 0.845313 0.244792 0.056250 0.118750
5 0.525781 0.250000 0.051562 0.129167
0 0.637500 0.245833 0.053125 0.120833
0 0.692969 0.246875 0.051562 0.118750
0 0.579688 0.246875 0.053125 0.118750
5 0.892969 0.591667 0.054688 0.116667
8 0.951562 0.592708 0.053125 0.118750
8 0.837500 0.591667 0.056250 0.120833
9 0.743750 0.595833 0.056250 0.120833
0 0.632031 0.596875 0.051562 0.114583
5 0.517969 0.600000 0.054688 0.116667
0 0.575781 0.597917 0.051562 0.116667
0 0.686719 0.597917 0.051562 0.112500
9 0.750000 0.246875 0.056250 0.122917
1 0.798438 0.244792 0.046875 0.122917
1 0.792188 0.594792 0.046875 0.122917
