9 0.3800 0.0092 0.0452 0.0200
8 0.3535 0.5918 0.0493 0.1030
8 0.3579 0.9120 0.0475 0.1046
8 0.4224 0.0091 0.0408 0.0182
6 0.4248 0.0095 0.0461 0.0167
0 0.3984 0.5910 0.0483 0.0999
0 0.4474 0.9083 0.0455 0.1091
0 0.4033 0.9095 0.0493 0.1071
0 0.4421 0.5883 0.0427 0.0953
5 0.1049 0.2870 0.0451 0.1000
0 0.3935 0.2813 0.0478 0.0964
0 0.4389 0.2794 0.0449 0.0999
0 0.1979 0.5998 0.0482 0.1027
0 0.1977 0.9210 0.0498 0.1049
5 0.1063 0.6031 0.0471 0.1063
1 0.2703 0.5952 0.0360 0.0955
0 0.1524 0.9219 0.0461 0.1134
7 0.2663 0.2888 0.0427 0.1000
1 0.4430 0.5887 0.0431 0.0977
7 0.2449 0.9199 0.0441 0.1024
8 0.3502 0.2823 0.0493 0.1014
2 0.3081 0.2849 0.0518 0.1014
5 0.1055 0.9223 0.0487 0.1158
0 0.1961 0.2877 0.0473 0.0973
0 0.1504 0.2874 0.0456 0.1046
0 0.1527 0.6010 0.0482 0.1102
1 0.2708 0.9176 0.0355 0.1074
7 0.2438 0.5987 0.0439 0.0989
2 0.3092 0.5941 0.0512 0.1035
1 0.2658 0.2870 0.0436 0.0961
2 0.3113 0.9155 0.0513 0.1090
