0 0.925000 0.327083 0.059375 0.112500
9 0.815625 0.327083 0.056250 0.112500
2 0.871094 0.328125 0.060937 0.110417
9 0.766406 0.328125 0.054688 0.110417
0 0.626563 0.329167 0.053125 0.112500
0 0.576562 0.330208 0.056250 0.114583
1 0.671094 0.331250 0.045312 0.112500
0 0.715625 0.331250 0.056250 0.112500
5 0.525781 0.330208 0.054688 0.110417
9 0.832812 0.850000 0.056250 0.116667
9 0.782813 0.850000 0.056250 0.116667
0 0.943750 0.852083 0.059375 0.116667
2 0.888281 0.850000 0.060937 0.116667
5 0.533594 0.847917 0.057813 0.116667
0 0.586719 0.850000 0.057813 0.116667
9 0.833594 0.847917 0.057813 0.116667
0 0.638281 0.848958 0.054688 0.114583
0 0.729688 0.852083 0.056250 0.112500
1 0.684375 0.850000 0.043750 0.116667
