9 0.3425 0.0099 0.0447 0.0191
8 0.3576 0.2813 0.0458 0.1012
8 0.3652 0.9090 0.0405 0.1091
6 0.4294 0.0075 0.0478 0.0149
0 0.4497 0.5857 0.0427 0.1001
0 0.4104 0.9055 0.0451 0.1031
0 0.4552 0.9030 0.0423 0.0950
0 0.4021 0.2803 0.0451 0.1021
5 0.1160 0.9179 0.0478 0.1057
0 0.4064 0.5875 0.0461 0.0993
0 0.2048 0.2872 0.0457 0.0938
5 0.1144 0.2868 0.0501 0.1017
3 0.2489 0.9161 0.0366 0.1042
0 0.2083 0.9164 0.0512 0.1054
0 0.1600 0.2875 0.0466 0.1006
0 0.4451 0.2785 0.0448 0.1006
1 0.2727 0.2867 0.0393 0.1039
1 0.2817 0.9140 0.0385 0.1018
7 0.2439 0.2890 0.0349 0.1051
5 0.1145 0.6003 0.0483 0.1024
2 0.2972 0.0119 0.0448 0.0232
8 0.3607 0.5905 0.0453 0.1030
0 0.1606 0.9174 0.0469 0.1077
0 0.2084 0.5979 0.0463 0.1015
2 0.3157 0.5929 0.0476 0.1088
2 0.3128 0.2840 0.0475 0.1074
2 0.3203 0.9123 0.0470 0.1101
0 0.1611 0.5987 0.0450 0.1083
1 0.2759 0.5946 0.0379 0.1066
7 0.2463 0.5973 0.0363 0.1000
