0 0.819531 0.312500 0.054688 0.116667
9 0.661719 0.313542 0.051562 0.110417
2 0.767188 0.314583 0.059375 0.116667
9 0.713281 0.313542 0.051562 0.118750
0 0.613281 0.316667 0.054688 0.112500
0 0.525781 0.314583 0.054688 0.112500
1 0.569531 0.315625 0.042188 0.114583
0 0.472656 0.315625 0.057813 0.114583
5 0.421875 0.314583 0.056250 0.108333
0 0.837500 0.837500 0.059375 0.116667
9 0.678125 0.835417 0.056250 0.112500
0 0.482031 0.836458 0.057813 0.118750
9 0.729688 0.834375 0.056250 0.114583
2 0.784375 0.835417 0.062500 0.112500
5 0.430469 0.836458 0.057813 0.118750
0 0.533594 0.837500 0.054688 0.116667
1 0.578906 0.838542 0.042188 0.118750
0 0.625781 0.836458 0.057813 0.118750
