9 0.7353 0.0023 0.0542 0.0050
8 0.7793 0.2637 0.0453 0.0979
8 0.7809 0.5677 0.0444 0.0957
0 0.7033 0.8726 0.0352 0.1003
0 0.8226 0.2649 0.0470 0.0994
0 0.6351 0.8678 0.0438 0.0990
0 0.6306 0.2600 0.0455 0.1000
0 0.8254 0.5698 0.0467 0.0994
5 0.5444 0.2568 0.0432 0.0977
0 0.8665 0.2657 0.0456 0.1005
0 0.8725 0.8763 0.0439 0.1032
1 0.6703 0.5659 0.0347 0.0993
0 0.6310 0.0023 0.0554 0.0044
0 0.5888 0.8638 0.0453 0.1005
1 0.7013 0.5667 0.0343 0.0979
1 0.6968 0.2641 0.0374 0.0993
5 0.5434 0.5586 0.0386 0.1009
0 0.6326 0.5625 0.0459 0.0964
1 0.6723 0.8706 0.0341 0.1018
2 0.7363 0.2644 0.0463 0.1015
1 0.8694 0.0035 0.0527 0.0069
0 0.5873 0.5601 0.0411 0.0971
2 0.7403 0.8737 0.0449 0.1030
0 0.6737 0.8712 0.0375 0.1065
5 0.5457 0.8618 0.0430 0.1048
2 0.7384 0.5676 0.0444 0.0981
0 0.8287 0.8756 0.0490 0.1018
0 0.8680 0.5696 0.0416 0.0964
7 0.6683 0.2630 0.0358 0.1007
8 0.7841 0.8738 0.0463 0.1039
0 0.5864 0.2583 0.0422 0.0982
