8 0.5732 0.5888 0.0529 0.1166
8 0.5600 0.2621 0.0544 0.1063
8 0.5894 0.9273 0.0441 0.1159
0 0.4251 0.9337 0.0518 0.1145
0 0.3970 0.2672 0.0504 0.1035
0 0.6381 0.9222 0.0508 0.1100
0 0.6856 0.9208 0.0466 0.1069
0 0.6673 0.5860 0.0474 0.1002
0 0.4105 0.5970 0.0489 0.1098
0 0.6047 0.2608 0.0498 0.1020
0 0.4875 0.9325 0.0541 0.1103
0 0.3762 0.9339 0.0511 0.1208
0 0.3640 0.5971 0.0483 0.1126
0 0.4402 0.2675 0.0391 0.1057
0 0.6526 0.2586 0.0491 0.1046
5 0.3008 0.2664 0.0529 0.1171
0 0.3497 0.2671 0.0507 0.1106
0 0.4732 0.2666 0.0410 0.1050
2 0.5437 0.9285 0.0527 0.1135
1 0.6544 0.2596 0.0447 0.0953
5 0.3156 0.5976 0.0471 0.1152
1 0.4964 0.9316 0.0547 0.1233
2 0.5266 0.5918 0.0520 0.1120
0 0.4683 0.9327 0.0438 0.1192
5 0.3304 0.9326 0.0467 0.1142
0 0.6204 0.5874 0.0513 0.1060
7 0.4534 0.5968 0.0397 0.1092
1 0.4855 0.5941 0.0403 0.1052
2 0.5136 0.2647 0.0532 0.1111
