9 0.8312 0.1199 0.0620 0.1287
8 0.7812 0.1213 0.0511 0.1297
7 0.9470 0.6898 0.0621 0.1252
7 0.9505 0.1148 0.0557 0.1279
2 0.9080 0.6943 0.0642 0.1209
7 0.7297 0.1217 0.0618 0.1265
8 0.8447 0.6920 0.0652 0.1327
0 0.6467 0.6995 0.0558 0.1200
7 0.7428 0.6973 0.0706 0.1164
0 0.5897 0.7005 0.0539 0.1218
4 0.7930 0.6973 0.0497 0.1041
0 0.6334 0.1233 0.0560 0.1265
5 0.5343 0.7015 0.0585 0.1251
2 0.8951 0.1174 0.0641 0.1306
1 0.7832 0.1229 0.0444 0.1535
5 0.5191 0.1251 0.0628 0.1299
0 0.5765 0.1243 0.0576 0.1231
