8 0.5507 0.6074 0.0479 0.0994
8 0.5489 0.3085 0.0455 0.0976
8 0.5598 0.9171 0.0490 0.1013
8 0.5568 0.0294 0.0445 0.0582
0 0.3598 0.3069 0.0430 0.0950
0 0.6470 0.9165 0.0467 0.0982
0 0.5943 0.6079 0.0469 0.1033
0 0.5925 0.3069 0.0460 0.1002
0 0.6354 0.3064 0.0439 0.0964
0 0.6366 0.6082 0.0455 0.0977
0 0.5990 0.0292 0.0440 0.0558
0 0.3683 0.0303 0.0447 0.0596
0 0.4113 0.0300 0.0454 0.0585
5 0.3149 0.6088 0.0452 0.0968
0 0.3588 0.6087 0.0464 0.0979
0 0.4712 0.3101 0.0356 0.0969
0 0.4026 0.3086 0.0425 0.0968
0 0.4432 0.3097 0.0411 0.0976
0 0.6028 0.9168 0.0467 0.0947
7 0.4415 0.6106 0.0374 0.0972
0 0.6416 0.0283 0.0424 0.0531
2 0.5160 0.0310 0.0460 0.0559
0 0.4028 0.6093 0.0465 0.1022
5 0.3166 0.3061 0.0434 0.0965
2 0.5071 0.3094 0.0429 0.0979
0 0.3626 0.9178 0.0449 0.1076
7 0.4764 0.9188 0.0407 0.1003
5 0.3256 0.0306 0.0432 0.0579
0 0.4575 0.0309 0.0449 0.0571
2 0.5077 0.6089 0.0466 0.0988
5 0.3181 0.9183 0.0454 0.1000
0 0.4074 0.9186 0.0464 0.1014
1 0.4697 0.6098 0.0363 0.0935
7 0.4464 0.9188 0.0361 0.1005
0 0.4434 0.6101 0.0421 0.0962
2 0.5154 0.9186 0.0492 0.1081
