9 0.7787 0.1502 0.0553 0.1189
9 0.7945 0.6601 0.0580 0.1208
9 0.8265 0.1466 0.0497 0.1146
9 0.8431 0.6573 0.0556 0.0982
8 0.8445 0.6576 0.0569 0.1268
9 0.7432 0.6641 0.0562 0.1157
8 0.8269 0.1452 0.0552 0.1032
0 0.9434 0.2514 0.0503 0.1173
0 0.7379 0.6628 0.0503 0.1058
0 0.7288 0.1544 0.0550 0.1178
0 0.6998 0.6689 0.0416 0.1177
0 0.9842 0.1365 0.0194 0.1268
0 0.8378 0.7767 0.0670 0.1021
0 0.8308 0.2592 0.0599 0.1120
5 0.8839 0.2554 0.0595 0.1360
8 0.9344 0.1379 0.0516 0.1136
5 0.5502 0.6774 0.0601 0.1041
0 0.6548 0.6706 0.0536 0.1158
0 0.9366 0.1370 0.0588 0.1134
0 0.6041 0.6717 0.0487 0.1104
2 0.8984 0.6558 0.0503 0.1076
0 0.6402 0.1593 0.0542 0.1160
5 0.9037 0.7747 0.0616 0.0957
0 0.5896 0.1608 0.0585 0.1191
5 0.5392 0.1614 0.0483 0.1293
2 0.8817 0.1398 0.0578 0.1147
