8 0.5503 0.6077 0.0478 0.0997
8 0.5488 0.3087 0.0458 0.0988
8 0.5598 0.9174 0.0485 0.1018
8 0.5567 0.0298 0.0452 0.0591
0 0.3600 0.3084 0.0428 0.0943
0 0.6467 0.9171 0.0468 0.0977
0 0.5940 0.6082 0.0474 0.1035
0 0.5924 0.3070 0.0459 0.1010
0 0.6353 0.3063 0.0437 0.0967
0 0.6364 0.6084 0.0457 0.0974
0 0.6415 0.0281 0.0430 0.0535
0 0.5988 0.0295 0.0443 0.0557
0 0.3682 0.0304 0.0448 0.0594
5 0.3164 0.3065 0.0431 0.0955
0 0.3628 0.9179 0.0446 0.1078
0 0.4026 0.3088 0.0430 0.0966
5 0.3149 0.6092 0.0457 0.0957
0 0.4433 0.6105 0.0415 0.0964
0 0.4026 0.6096 0.0466 0.1022
0 0.4430 0.3098 0.0421 0.0974
0 0.4743 0.0326 0.0461 0.0598
7 0.4415 0.6109 0.0373 0.0961
0 0.4110 0.0304 0.0456 0.0597
2 0.5159 0.0316 0.0467 0.0577
0 0.3586 0.6089 0.0462 0.0977
2 0.5074 0.6092 0.0465 0.0984
0 0.4570 0.0313 0.0443 0.0573
7 0.4763 0.9192 0.0409 0.1006
5 0.3255 0.0309 0.0441 0.0591
2 0.5152 0.9188 0.0494 0.1088
0 0.6026 0.9172 0.0467 0.0946
5 0.3180 0.9184 0.0454 0.0992
0 0.4072 0.9189 0.0462 0.1027
1 0.4696 0.6102 0.0361 0.0926
7 0.4465 0.9192 0.0366 0.1018
0 0.4711 0.3103 0.0354 0.0980
2 0.5068 0.3095 0.0432 0.0986
