8 0.8319 0.9296 0.0451 0.1052
8 0.8290 0.6042 0.0450 0.1041
5 0.9204 0.0098 0.0446 0.0217
5 0.9720 0.6035 0.0448 0.1070
5 0.9546 0.2862 0.0335 0.1119
0 0.9166 0.2872 0.0433 0.0976
0 0.9217 0.6030 0.0462 0.1028
0 0.9261 0.9287 0.0476 0.1149
0 0.7453 0.9315 0.0385 0.1180
0 0.7128 0.2920 0.0388 0.1104
5 0.5810 0.9243 0.0446 0.1097
5 0.5820 0.2875 0.0442 0.1019
0 0.7449 0.6057 0.0394 0.1057
0 0.8738 0.0097 0.0510 0.0233
0 0.6259 0.6036 0.0457 0.1025
0 0.8791 0.9300 0.0476 0.1073
0 0.6263 0.9253 0.0479 0.1110
0 0.6723 0.6037 0.0440 0.1024
0 0.6269 0.2898 0.0435 0.1010
0 0.8714 0.2891 0.0456 0.1003
0 0.6736 0.9280 0.0430 0.1047
0 0.8754 0.6043 0.0451 0.0963
0 0.7132 0.9312 0.0363 0.1210
0 0.6719 0.2901 0.0453 0.1009
5 0.5801 0.6029 0.0446 0.1083
2 0.7871 0.9322 0.0458 0.1221
2 0.7834 0.6058 0.0470 0.1099
0 0.7427 0.2922 0.0361 0.1074
7 0.7108 0.6063 0.0365 0.1010
2 0.7817 0.2910 0.0457 0.1029
