0 0.725000 0.141667 0.056250 0.116667
2 0.671875 0.143750 0.062500 0.112500
9 0.619531 0.144792 0.054688 0.114583
9 0.570312 0.148958 0.056250 0.114583
0 0.520312 0.153125 0.059375 0.114583
1 0.475781 0.155208 0.045312 0.118750
0 0.431250 0.156250 0.056250 0.116667
0 0.380469 0.158333 0.057813 0.116667
5 0.328906 0.160417 0.057813 0.116667
0 0.740625 0.651042 0.059375 0.118750
2 0.686719 0.654167 0.060937 0.116667
9 0.633594 0.655208 0.057813 0.118750
9 0.582812 0.658333 0.056250 0.116667
0 0.532813 0.661458 0.056250 0.118750
1 0.489063 0.665625 0.043750 0.114583
0 0.441406 0.667708 0.057813 0.114583
0 0.390625 0.670833 0.056250 0.116667
5 0.338281 0.672917 0.060937 0.116667
2 0.672656 0.143750 0.060937 0.116667
