8 0.8233 0.5912 0.0533 0.1170
8 0.8070 0.2668 0.0511 0.1244
8 0.8452 0.9239 0.0493 0.1190
0 0.6336 0.9307 0.0504 0.1221
0 0.8933 0.9222 0.0519 0.1052
0 0.9406 0.9216 0.0453 0.1030
0 0.6620 0.5983 0.0474 0.1104
0 0.8707 0.5893 0.0536 0.1022
0 0.8520 0.2640 0.0515 0.1038
0 0.6474 0.2731 0.0468 0.1062
5 0.9768 0.5871 0.0559 0.0952
0 0.9017 0.2615 0.0497 0.1011
1 0.7543 0.9282 0.0416 0.1107
0 0.9191 0.5879 0.0509 0.0992
0 0.6805 0.9311 0.0503 0.1119
0 0.6165 0.5982 0.0486 0.1124
5 0.5690 0.5990 0.0486 0.1137
5 0.5542 0.2725 0.0481 0.1104
1 0.7241 0.9312 0.0434 0.1049
1 0.7362 0.5953 0.0377 0.1028
2 0.7606 0.2696 0.0485 0.1107
2 0.7769 0.5933 0.0510 0.1121
5 0.5851 0.9305 0.0489 0.1122
0 0.6009 0.2730 0.0474 0.1147
1 0.7207 0.2712 0.0399 0.1048
7 0.7446 0.9280 0.0491 0.1018
2 0.7966 0.9256 0.0475 0.1146
