0 0.667188 0.329167 0.062500 0.120833
9 0.559375 0.326042 0.056250 0.114583
2 0.613281 0.329167 0.060937 0.116667
0 0.318750 0.327083 0.059375 0.116667
9 0.509375 0.327083 0.056250 0.112500
9 0.559375 0.325000 0.050000 0.116667
0 0.371875 0.325000 0.056250 0.112500
0 0.459375 0.325000 0.056250 0.116667
1 0.415625 0.329167 0.043750 0.116667
5 0.267969 0.327083 0.057813 0.112500
0 0.678906 0.848958 0.060937 0.122917
2 0.624219 0.847917 0.060937 0.120833
9 0.568750 0.846875 0.059375 0.118750
9 0.517969 0.847917 0.054688 0.116667
0 0.465625 0.846875 0.059375 0.118750
1 0.418750 0.851042 0.046875 0.118750
0 0.322656 0.850000 0.060937 0.120833
1 0.421875 0.848958 0.046875 0.118750
0 0.375000 0.846875 0.056250 0.118750
5 0.268750 0.848958 0.059375 0.122917
