8 0.8349 0.5994 0.0405 0.0981
8 0.8521 0.9234 0.0409 0.1132
8 0.8260 0.2866 0.0470 0.1107
5 0.9778 0.5940 0.0416 0.0961
0 0.6935 0.9285 0.0428 0.1100
0 0.9150 0.2809 0.0454 0.0976
0 0.9261 0.5946 0.0453 0.0973
0 0.8990 0.9216 0.0492 0.1027
0 0.7323 0.9291 0.0383 0.1244
0 0.7505 0.9291 0.0541 0.1111
0 0.6337 0.6081 0.0481 0.1105
5 0.5878 0.6088 0.0451 0.1014
0 0.7134 0.2940 0.0399 0.1054
5 0.8978 0.0083 0.0450 0.0183
0 0.8522 0.0093 0.0513 0.0220
0 0.6718 0.2948 0.0443 0.1022
0 0.8810 0.5978 0.0446 0.1016
1 0.9444 0.9196 0.0502 0.1016
2 0.7912 0.6018 0.0457 0.1039
0 0.8699 0.2833 0.0468 0.1015
2 0.8071 0.9255 0.0460 0.1285
0 0.6460 0.9292 0.0484 0.1155
0 0.6266 0.2960 0.0456 0.1025
1 0.7510 0.6043 0.0360 0.1083
5 0.6003 0.9292 0.0472 0.1177
5 0.5817 0.2958 0.0451 0.1039
7 0.7102 0.2948 0.0364 0.1059
0 0.6791 0.6065 0.0477 0.1022
2 0.7805 0.2897 0.0431 0.0987
1 0.7430 0.2925 0.0349 0.1025
7 0.7176 0.6062 0.0353 0.1035
