5 0.084375 0.192708 0.043750 0.097917
0 0.128125 0.194792 0.046875 0.097917
0 0.172656 0.197917 0.045312 0.095833
1 0.209375 0.198958 0.037500 0.097917
1 0.241406 0.202083 0.039062 0.100000
2 0.277344 0.203125 0.045312 0.102083
8 0.319531 0.203125 0.045312 0.097917
0 0.362500 0.204167 0.043750 0.095833
0 0.405469 0.208333 0.045312 0.095833
5 0.086719 0.491667 0.048438 0.095833
0 0.131250 0.493750 0.046875 0.095833
0 0.175000 0.496875 0.046875 0.093750
1 0.242188 0.497917 0.040625 0.095833
2 0.280469 0.500000 0.045312 0.100000
8 0.322656 0.501042 0.042188 0.097917
0 0.364844 0.502083 0.045312 0.091667
0 0.407813 0.504167 0.043750 0.091667
5 0.060937 0.841667 0.046875 0.100000
0 0.108594 0.843750 0.048438 0.100000
0 0.153906 0.844792 0.045312 0.097917
2 0.198437 0.845833 0.046875 0.104167
7 0.286719 0.846875 0.054688 0.102083
3 0.240625 0.846875 0.043750 0.102083
0 0.335156 0.848958 0.048438 0.106250
5 0.379688 0.850000 0.050000 0.100000
1 0.425000 0.852083 0.053125 0.100000
1 0.214062 0.496875 0.043750 0.097917
