5 0.102344 0.285417 0.048438 0.104167
0 0.147656 0.286458 0.048438 0.102083
0 0.436719 0.286458 0.045312 0.097917
0 0.392969 0.286458 0.051562 0.102083
8 0.349219 0.286458 0.051562 0.102083
0 0.193750 0.286458 0.050000 0.102083
1 0.266406 0.287500 0.042188 0.100000
1 0.232813 0.287500 0.040625 0.100000
2 0.303906 0.288542 0.051562 0.106250
0 0.432031 0.597917 0.045312 0.100000
0 0.388281 0.598958 0.048438 0.102083
8 0.345313 0.598958 0.046875 0.106250
1 0.260937 0.596875 0.040625 0.102083
2 0.299219 0.598958 0.045312 0.106250
0 0.142187 0.601042 0.043750 0.106250
0 0.189062 0.600000 0.050000 0.100000
5 0.095312 0.597917 0.050000 0.100000
1 0.228906 0.600000 0.042188 0.100000
0 0.429688 0.915625 0.043750 0.106250
0 0.384375 0.916667 0.050000 0.108333
8 0.340625 0.918750 0.050000 0.108333
2 0.295312 0.918750 0.050000 0.112500
5 0.088281 0.920833 0.048438 0.108333
0 0.134375 0.919792 0.050000 0.106250
0 0.181250 0.915625 0.050000 0.106250
1 0.254688 0.915625 0.040625 0.106250
1 0.221094 0.916667 0.042188 0.104167
