9 0.5606 0.3244 0.0482 0.1078
9 0.5098 0.3284 0.0537 0.1095
9 0.5667 0.8563 0.0510 0.1408
9 0.5180 0.8503 0.0508 0.1143
9 0.4661 0.8592 0.0577 0.1370
0 0.6662 0.3260 0.0503 0.1067
0 0.4605 0.3290 0.0537 0.1152
0 0.4650 0.8523 0.0523 0.1239
0 0.3235 0.8584 0.0418 0.1506
2 0.6144 0.3251 0.0483 0.1154
0 0.3724 0.3282 0.0564 0.1054
1 0.6748 0.8508 0.0459 0.1372
2 0.6224 0.8522 0.0521 0.1427
1 0.4187 0.3292 0.0399 0.1231
0 0.3185 0.3259 0.0522 0.1061
0 0.3754 0.8604 0.0496 0.1519
5 0.2636 0.3313 0.0632 0.1058
5 0.2712 0.8580 0.0575 0.1504
