0 0.505469 0.289583 0.054688 0.112500
2 0.453906 0.291667 0.060937 0.112500
9 0.400781 0.293750 0.054688 0.112500
9 0.352344 0.296875 0.057813 0.114583
0 0.302344 0.300000 0.057813 0.112500
0 0.211719 0.303125 0.057813 0.110417
1 0.257031 0.301042 0.045312 0.114583
0 0.159375 0.302083 0.059375 0.112500
5 0.107031 0.306250 0.057813 0.112500
0 0.528125 0.798958 0.059375 0.114583
2 0.475000 0.802083 0.062500 0.116667
9 0.421094 0.803125 0.057813 0.114583
9 0.371094 0.807292 0.057813 0.114583
1 0.273438 0.816667 0.046875 0.116667
0 0.318750 0.813542 0.059375 0.114583
0 0.175000 0.822917 0.059375 0.120833
0 0.227344 0.819792 0.060937 0.114583
5 0.120313 0.823958 0.059375 0.118750
