9 0.2752 0.1431 0.0532 0.1110
9 0.2853 0.6594 0.0516 0.1133
9 0.3327 0.6583 0.0526 0.1122
9 0.3276 0.1421 0.0531 0.1063
0 0.4346 0.1373 0.0504 0.1106
0 0.0624 0.2664 0.0555 0.1493
5 0.0307 0.6734 0.0489 0.1145
0 0.4430 0.6506 0.0490 0.1010
0 0.0518 0.7965 0.0745 0.1185
0 0.1343 0.1499 0.0498 0.1054
2 0.1350 0.2643 0.0672 0.1295
0 0.2316 0.6618 0.0595 0.1142
2 0.3885 0.6569 0.0483 0.1289
0 0.0806 0.1494 0.0578 0.1116
0 0.2255 0.1465 0.0516 0.1115
0 0.3300 0.2566 0.0529 0.1063
5 0.0283 0.1495 0.0514 0.0988
0 0.1386 0.6682 0.0599 0.1152
0 0.0841 0.6677 0.0536 0.1099
5 0.3831 0.2574 0.0507 0.1123
7 0.2226 0.2583 0.0551 0.1265
3 0.1817 0.6681 0.0473 0.1129
2 0.3810 0.1396 0.0580 0.1128
7 0.1806 0.1478 0.0445 0.1150
1 0.4401 0.6514 0.0471 0.1132
