0 0.850000 0.282292 0.046875 0.106250
0 0.803906 0.283333 0.045312 0.100000
8 0.759375 0.282292 0.050000 0.106250
2 0.714063 0.286458 0.050000 0.106250
5 0.510938 0.285417 0.050000 0.108333
0 0.557813 0.284375 0.046875 0.106250
0 0.602344 0.284375 0.048438 0.102083
1 0.674219 0.285417 0.042188 0.100000
1 0.642188 0.285417 0.040625 0.104167
8 0.760938 0.598958 0.046875 0.106250
0 0.853125 0.601042 0.046875 0.102083
0 0.806250 0.601042 0.050000 0.102083
2 0.714844 0.603125 0.051562 0.106250
0 0.603125 0.602083 0.053125 0.104167
0 0.556250 0.603125 0.050000 0.106250
1 0.675781 0.603125 0.042188 0.106250
5 0.511719 0.604167 0.048438 0.100000
1 0.642969 0.604167 0.039062 0.104167
5 0.510156 0.929167 0.048438 0.108333
0 0.555469 0.929167 0.051562 0.108333
0 0.857812 0.930208 0.050000 0.110417
0 0.810156 0.929167 0.054688 0.108333
0 0.603125 0.930208 0.050000 0.106250
8 0.764844 0.927083 0.051562 0.112500
2 0.717187 0.931250 0.050000 0.112500
1 0.643750 0.929167 0.040625 0.104167
1 0.677344 0.931250 0.042188 0.108333
