5 0.292187 0.195833 0.053125 0.108333
0 0.338542 0.195139 0.054167 0.109722
0 0.384896 0.194444 0.051042 0.108333
1 0.425000 0.194444 0.041667 0.108333
2 0.464583 0.196528 0.052083 0.104167
5 0.508333 0.194444 0.050000 0.102778
5 0.551562 0.193750 0.051042 0.104167
2 0.594792 0.193750 0.052083 0.104167
5 0.638542 0.192361 0.050000 0.104167
5 0.290625 0.649306 0.054167 0.112500
0 0.338542 0.647917 0.052083 0.109722
0 0.383854 0.647222 0.048958 0.105556
1 0.423958 0.646528 0.041667 0.106944
2 0.464062 0.647222 0.051042 0.102778
5 0.508333 0.645833 0.047917 0.102778
5 0.551562 0.645139 0.048958 0.104167
2 0.595833 0.645139 0.052083 0.104167
5 0.639583 0.643750 0.047917 0.104167
