9 0.3306 0.2171 0.0586 0.1207
9 0.3589 0.7332 0.0552 0.1159
9 0.3793 0.2191 0.0525 0.1266
9 0.3123 0.7298 0.0574 0.1074
8 0.3569 0.7331 0.0525 0.1027
9 0.5891 0.3435 0.1226 0.1081
0 0.2492 0.7298 0.0588 0.0953
0 0.3540 0.8534 0.0563 0.1066
0 0.4643 0.7345 0.0486 0.1176
2 0.4301 0.2227 0.0549 0.1053
2 0.4141 0.7341 0.0550 0.1022
0 0.2784 0.2140 0.0560 0.1149
5 0.0568 0.7234 0.0552 0.1049
0 0.5090 0.3417 0.0589 0.1090
1 0.2136 0.7316 0.0467 0.1174
0 0.5875 0.3437 0.0910 0.1101
0 0.1662 0.7272 0.0536 0.1036
2 0.2193 0.3256 0.0371 0.1132
0 0.1900 0.2096 0.0518 0.1064
1 0.2350 0.2129 0.0404 0.1203
0 0.4846 0.2244 0.0561 0.1156
0 0.1376 0.2074 0.0546 0.1176
5 0.4063 0.8562 0.0525 0.1065
7 0.2136 0.7302 0.0456 0.1150
0 0.1145 0.7249 0.0489 0.1054
5 0.0839 0.2037 0.0510 0.1052
1 0.0712 0.3252 0.0476 0.0968
1 0.2545 0.3288 0.0419 0.1270
3 0.2135 0.7285 0.0468 0.1086
