5 0.427344 0.211458 0.054688 0.114583
0 0.477344 0.213542 0.054688 0.114583
0 0.526563 0.216667 0.053125 0.112500
1 0.570312 0.219792 0.043750 0.114583
0 0.614844 0.221875 0.054688 0.114583
9 0.663281 0.220833 0.054688 0.116667
2 0.764062 0.223958 0.059375 0.114583
0 0.816406 0.226042 0.057813 0.110417
9 0.712500 0.221875 0.053125 0.114583
5 0.421094 0.718750 0.057813 0.112500
0 0.471875 0.720833 0.059375 0.116667
0 0.522656 0.722917 0.054688 0.116667
1 0.567969 0.726042 0.045312 0.114583
0 0.612500 0.729167 0.059375 0.116667
9 0.661719 0.729167 0.057813 0.112500
9 0.712500 0.730208 0.053125 0.114583
2 0.765625 0.733333 0.062500 0.112500
0 0.819531 0.736458 0.060937 0.118750
