9 0.2906 0.8581 0.0508 0.1346
9 0.3402 0.3243 0.0460 0.1231
9 0.2924 0.3231 0.0524 0.1018
9 0.3442 0.8557 0.0512 0.1281
9 0.2388 0.8627 0.0590 0.1433
0 0.4530 0.8442 0.0504 0.1114
0 0.2116 0.3254 0.0498 0.1070
0 0.3347 0.4422 0.0538 0.0942
0 0.1478 0.3241 0.0524 0.1070
0 0.0915 0.8615 0.0557 0.1415
5 0.0419 0.8626 0.0627 0.1386
5 0.3887 0.4448 0.0566 0.1071
1 0.1938 0.8565 0.0347 0.1733
0 0.2382 0.3248 0.0541 0.1212
0 0.4459 0.3279 0.0496 0.1179
1 0.4504 0.8492 0.0401 0.1300
2 0.3967 0.8508 0.0500 0.1341
0 0.1466 0.8624 0.0578 0.1443
2 0.3947 0.3274 0.0541 0.1053
0 0.0942 0.3233 0.0536 0.1137
1 0.1940 0.3255 0.0433 0.1271
5 0.0390 0.3229 0.0585 0.1056
