9 0.823438 0.312500 0.056250 0.116667
9 0.773438 0.313542 0.056250 0.114583
2 0.877344 0.314583 0.060937 0.116667
0 0.931250 0.313542 0.056250 0.118750
0 0.722656 0.315625 0.054688 0.114583
0 0.634375 0.316667 0.056250 0.108333
0 0.583594 0.316667 0.054688 0.116667
1 0.677344 0.317708 0.042188 0.110417
5 0.532813 0.316667 0.056250 0.108333
9 0.840625 0.834375 0.056250 0.114583
9 0.790625 0.836458 0.056250 0.114583
0 0.953125 0.838542 0.059375 0.114583
0 0.593750 0.836458 0.059375 0.118750
5 0.543750 0.834375 0.056250 0.114583
2 0.896875 0.838542 0.062500 0.114583
0 0.646875 0.835417 0.056250 0.116667
1 0.692187 0.836458 0.046875 0.114583
0 0.738281 0.838542 0.060937 0.118750
