9 0.5698 0.1435 0.0505 0.1108
9 0.5207 0.1458 0.0528 0.1084
9 0.5337 0.6609 0.0490 0.1211
9 0.5828 0.6570 0.0500 0.1164
0 0.3939 0.6706 0.0559 0.1101
0 0.2819 0.2752 0.0419 0.1125
5 0.2848 0.6764 0.0604 0.1148
0 0.3395 0.6727 0.0428 0.1189
0 0.4708 0.1504 0.0544 0.1104
2 0.6351 0.6596 0.0466 0.1194
5 0.6237 0.2579 0.0523 0.1206
7 0.4160 0.2665 0.0348 0.1161
0 0.4817 0.6628 0.0582 0.1101
1 0.6898 0.6513 0.0519 0.0976
0 0.5730 0.2595 0.0560 0.1016
0 0.3834 0.1550 0.0516 0.1082
5 0.2771 0.1568 0.0518 0.1174
0 0.7895 0.2420 0.0754 0.0990
3 0.4373 0.6665 0.0425 0.1189
0 0.6755 0.1386 0.0485 0.1064
0 0.3308 0.1557 0.0541 0.1123
2 0.6225 0.1422 0.0566 0.1110
7 0.4590 0.2648 0.0416 0.1304
1 0.4276 0.1543 0.0410 0.1133
