5 0.571094 0.211458 0.057813 0.118750
0 0.620313 0.215625 0.056250 0.118750
0 0.670312 0.216667 0.056250 0.116667
0 0.757812 0.219792 0.059375 0.118750
1 0.714063 0.217708 0.043750 0.118750
9 0.808594 0.219792 0.057813 0.114583
9 0.858594 0.219792 0.054688 0.118750
0 0.964844 0.223958 0.057813 0.118750
2 0.911719 0.223958 0.067187 0.118750
5 0.567969 0.717708 0.057813 0.118750
0 0.619531 0.720833 0.060937 0.120833
0 0.668750 0.722917 0.056250 0.116667
1 0.715625 0.726042 0.046875 0.122917
9 0.810156 0.729167 0.060937 0.116667
9 0.861719 0.730208 0.054688 0.118750
2 0.915625 0.735417 0.062500 0.116667
0 0.968750 0.736458 0.059375 0.118750
0 0.759375 0.728125 0.059375 0.118750
