0 0.095312 0.321875 0.056250 0.118750
9 0.291406 0.323958 0.057813 0.114583
5 0.040625 0.322917 0.059375 0.116667
0 0.447656 0.325000 0.057813 0.116667
0 0.239063 0.323958 0.056250 0.114583
9 0.341406 0.325000 0.054688 0.112500
1 0.193750 0.325000 0.043750 0.116667
0 0.147656 0.322917 0.057813 0.116667
2 0.395313 0.326042 0.059375 0.114583
0 0.454688 0.846875 0.056250 0.118750
2 0.400000 0.846875 0.062500 0.118750
9 0.346094 0.845833 0.057813 0.120833
9 0.293750 0.847917 0.056250 0.116667
1 0.194531 0.851042 0.048438 0.118750
5 0.039062 0.851042 0.059375 0.118750
0 0.092969 0.852083 0.060937 0.120833
0 0.241406 0.851042 0.060937 0.118750
0 0.147656 0.851042 0.057813 0.122917
1 0.194531 0.850000 0.048438 0.120833
