0 0.771875 0.275000 0.046875 0.100000
0 0.726562 0.277083 0.046875 0.100000
8 0.681250 0.279167 0.046875 0.100000
2 0.635938 0.282292 0.050000 0.106250
1 0.597656 0.283333 0.039062 0.104167
1 0.565625 0.286458 0.040625 0.102083
0 0.524219 0.288542 0.045312 0.102083
0 0.479687 0.290625 0.043750 0.106250
5 0.434375 0.291667 0.046875 0.104167
0 0.782031 0.592708 0.048438 0.102083
0 0.735938 0.595833 0.050000 0.104167
8 0.689063 0.598958 0.050000 0.106250
2 0.643750 0.600000 0.050000 0.104167
1 0.605469 0.602083 0.039062 0.104167
1 0.571875 0.605208 0.040625 0.097917
0 0.532031 0.605208 0.051562 0.102083
0 0.485156 0.606250 0.051562 0.104167
5 0.439844 0.606250 0.051562 0.104167
0 0.793750 0.922917 0.046875 0.104167
0 0.746094 0.927083 0.048438 0.108333
8 0.700000 0.926042 0.046875 0.106250
2 0.652344 0.928125 0.051562 0.106250
5 0.445312 0.932292 0.046875 0.106250
0 0.492188 0.933333 0.050000 0.108333
0 0.539062 0.931250 0.050000 0.108333
1 0.614062 0.929167 0.043750 0.108333
1 0.579688 0.928125 0.040625 0.110417
