9 0.4002 0.0181 0.0402 0.0351
8 0.3559 0.0211 0.0492 0.0394
8 0.3755 0.5948 0.0481 0.1061
8 0.3790 0.9058 0.0462 0.1023
0 0.4142 0.2907 0.0453 0.0989
0 0.4235 0.9030 0.0451 0.1002
0 0.4654 0.9018 0.0428 0.1022
0 0.4591 0.2893 0.0428 0.0975
0 0.4614 0.5909 0.0441 0.0942
0 0.1785 0.3007 0.0443 0.0984
5 0.1364 0.9162 0.0455 0.1090
8 0.3712 0.2929 0.0490 0.1047
0 0.4189 0.5932 0.0468 0.1007
0 0.2248 0.9139 0.0498 0.1015
7 0.2682 0.9141 0.0439 0.0979
0 0.2249 0.6022 0.0480 0.0999
0 0.2223 0.3002 0.0481 0.0952
5 0.1368 0.6057 0.0445 0.1013
0 0.1807 0.9145 0.0465 0.1028
1 0.2971 0.9112 0.0385 0.0961
0 0.4000 0.0205 0.0443 0.0387
2 0.3348 0.9084 0.0455 0.1008
2 0.3286 0.2962 0.0463 0.0977
6 0.4438 0.0201 0.0391 0.0400
0 0.1803 0.6035 0.0454 0.1011
1 0.2676 0.6019 0.0401 0.0983
1 0.2945 0.5995 0.0379 0.0967
5 0.1360 0.2996 0.0424 0.0986
1 0.2913 0.2981 0.0357 0.0942
2 0.3322 0.5976 0.0445 0.1036
