9 0.6730 0.1251 0.0609 0.1346
9 0.6664 0.6966 0.0616 0.1143
7 0.7917 0.1200 0.0622 0.1331
7 0.7852 0.6949 0.0683 0.1261
3 0.5263 0.1245 0.0501 0.1274
2 0.7271 0.6970 0.0628 0.1207
0 0.4145 0.7051 0.0530 0.1239
7 0.5627 0.6974 0.0724 0.1167
0 0.5244 0.1316 0.0380 0.1491
5 0.3584 0.1295 0.0596 0.1198
0 0.4766 0.1263 0.0595 0.1200
2 0.7316 0.1229 0.0717 0.1277
5 0.3577 0.7087 0.0594 0.1222
7 0.5691 0.1256 0.0607 0.1276
1 0.6225 0.1276 0.0463 0.1501
0 0.4732 0.7015 0.0619 0.1244
4 0.6080 0.6985 0.0599 0.1126
0 0.4167 0.1275 0.0548 0.1257
