9 0.3765 0.1256 0.0664 0.1282
9 0.3716 0.6984 0.0677 0.1243
7 0.4898 0.6959 0.0654 0.1290
7 0.2684 0.1256 0.0639 0.1244
7 0.4975 0.1232 0.0630 0.1294
0 0.1147 0.1252 0.0563 0.1210
0 0.1141 0.7080 0.0592 0.1180
4 0.7956 0.0252 0.0956 0.0461
4 0.7184 0.0251 0.0777 0.0462
4 0.8749 0.0230 0.0706 0.0423
5 0.0533 0.7104 0.0583 0.1177
7 0.2721 0.7000 0.0747 0.1274
0 0.1759 0.1257 0.0579 0.1221
5 0.0556 0.1249 0.0602 0.1261
2 0.4360 0.6976 0.0616 0.1205
0 0.1755 0.7045 0.0590 0.1312
2 0.4366 0.1247 0.0654 0.1239
