8 0.8789 0.5678 0.0471 0.1029
8 0.8828 0.8789 0.0509 0.1099
8 0.8773 0.2593 0.0473 0.1006
5 0.9983 0.5672 0.0045 0.0893
5 0.9973 0.2584 0.0062 0.0877
0 0.9728 0.8816 0.0418 0.0981
5 0.6378 0.5586 0.0393 0.1019
1 0.7979 0.5656 0.0342 0.0961
0 0.9223 0.2600 0.0496 0.1045
0 0.9245 0.5698 0.0476 0.1007
0 0.7266 0.5630 0.0454 0.0980
0 0.6816 0.5607 0.0418 0.0983
2 0.8330 0.2600 0.0467 0.1023
1 0.7991 0.8783 0.0376 0.0988
5 0.6403 0.8663 0.0449 0.1003
0 0.9695 0.5682 0.0409 0.0975
0 0.9276 0.8814 0.0482 0.1082
0 0.7702 0.8772 0.0408 0.1038
0 0.6838 0.8677 0.0462 0.1039
0 0.7643 0.2584 0.0377 0.1042
1 0.7663 0.5654 0.0348 0.0988
0 0.7295 0.8707 0.0449 0.1017
1 0.7678 0.8759 0.0361 0.0981
2 0.8385 0.8792 0.0463 0.1061
2 0.8347 0.5673 0.0469 0.1005
0 0.7249 0.2556 0.0454 0.0992
1 0.7955 0.2593 0.0346 0.1005
5 0.6381 0.2514 0.0426 0.0991
0 0.9662 0.2588 0.0447 0.1027
0 0.6811 0.2533 0.0417 0.1026
