9 0.3326 0.1428 0.0528 0.1166
9 0.2823 0.1457 0.0527 0.1167
9 0.3411 0.6564 0.0579 0.1210
9 0.2897 0.6583 0.0543 0.1180
8 0.3300 0.1437 0.0532 0.1000
9 0.5498 0.2512 0.1150 0.1046
0 0.5499 0.2448 0.0837 0.0982
0 0.5623 0.7610 0.0812 0.1198
0 0.3355 0.7743 0.0593 0.1009
0 0.3344 0.2582 0.0596 0.1076
0 0.1476 0.6687 0.0570 0.1088
0 0.4475 0.6512 0.0554 0.1180
0 0.2300 0.1508 0.0573 0.0853
2 0.1413 0.2673 0.0637 0.1363
5 0.0367 0.6765 0.0542 0.1162
0 0.1409 0.1518 0.0578 0.1098
5 0.3856 0.2561 0.0569 0.1141
0 0.4386 0.1376 0.0508 0.1111
0 0.2380 0.6625 0.0545 0.1171
7 0.1885 0.1512 0.0425 0.1227
2 0.3927 0.6519 0.0558 0.1096
0 0.0888 0.1514 0.0552 0.1035
2 0.3852 0.1417 0.0570 0.1000
1 0.2129 0.2617 0.0542 0.1369
5 0.3951 0.7725 0.0667 0.0953
1 0.4300 0.2543 0.0459 0.1284
0 0.0910 0.6696 0.0497 0.1115
1 0.1944 0.6672 0.0440 0.1289
5 0.0319 0.1519 0.0518 0.1013
4 0.1400 0.2707 0.0704 0.0976
