5 0.053125 0.309375 0.059375 0.114583
0 0.107031 0.310417 0.054688 0.112500
0 0.457813 0.315625 0.056250 0.114583
1 0.207031 0.311458 0.042188 0.114583
9 0.353125 0.311458 0.053125 0.114583
0 0.250781 0.312500 0.057813 0.112500
2 0.404687 0.312500 0.056250 0.112500
9 0.302344 0.310417 0.054688 0.112500
0 0.159375 0.312500 0.056250 0.116667
0 0.466406 0.832292 0.057813 0.114583
1 0.207813 0.840625 0.050000 0.118750
9 0.359375 0.832292 0.056250 0.118750
2 0.412500 0.832292 0.062500 0.114583
9 0.308594 0.833333 0.057813 0.120833
5 0.053125 0.836458 0.059375 0.118750
0 0.255469 0.838542 0.054688 0.118750
0 0.107031 0.840625 0.060937 0.127083
0 0.161719 0.836458 0.057813 0.118750
