8 0.8520 0.9252 0.0492 0.1090
8 0.8367 0.6093 0.0500 0.1013
8 0.8327 0.3055 0.0538 0.1104
8 0.8225 0.0268 0.0488 0.0507
5 0.9777 0.6088 0.0504 0.0911
5 0.9710 0.3030 0.0455 0.0852
0 0.9434 0.9261 0.0457 0.1101
0 0.8662 0.0261 0.0447 0.0512
0 0.6744 0.0295 0.0479 0.0570
5 0.5852 0.0285 0.0424 0.0574
0 0.7217 0.3075 0.0367 0.0944
5 0.9085 0.0249 0.0438 0.0472
0 0.6973 0.9238 0.0478 0.1030
0 0.6299 0.0295 0.0448 0.0556
0 0.6391 0.3069 0.0454 0.0983
7 0.7239 0.6123 0.0375 0.0970
0 0.9265 0.6097 0.0505 0.1018
0 0.6411 0.6104 0.0461 0.0987
0 0.6522 0.9216 0.0444 0.1108
0 0.9214 0.3043 0.0458 0.1011
5 0.5965 0.3061 0.0437 0.1024
0 0.8819 0.6101 0.0504 0.1046
5 0.6064 0.9210 0.0461 0.1049
0 0.6822 0.3087 0.0439 0.1006
0 0.7512 0.3074 0.0341 0.0950
0 0.7202 0.0284 0.0474 0.0539
2 0.7879 0.3085 0.0452 0.1006
2 0.7790 0.0272 0.0464 0.0543
0 0.8767 0.3051 0.0481 0.1011
7 0.7402 0.0283 0.0386 0.0537
2 0.7936 0.6106 0.0488 0.0983
1 0.7508 0.3087 0.0299 0.1007
0 0.6854 0.6112 0.0480 0.1002
5 0.5982 0.6102 0.0452 0.0963
1 0.7540 0.6119 0.0381 0.0948
0 0.8988 0.9258 0.0481 0.1042
1 0.7661 0.9252 0.0430 0.1036
2 0.8067 0.9252 0.0459 0.1084
