9 0.7677 0.3294 0.0548 0.1226
9 0.7803 0.8502 0.0562 0.1168
9 0.8172 0.3291 0.0570 0.1191
0 0.9893 0.4435 0.0196 0.1268
0 0.9441 0.8505 0.0478 0.1153
0 0.8158 0.4418 0.0526 0.1076
0 0.7158 0.3292 0.0536 0.1141
0 0.9572 0.4413 0.0466 0.1444
0 0.7294 0.8514 0.0587 0.1233
1 0.6738 0.3288 0.0359 0.1259
1 0.5267 0.4489 0.0439 0.0937
5 0.5241 0.3318 0.0557 0.1033
0 0.9253 0.3248 0.0612 0.1208
8 0.8161 0.3269 0.0473 0.1027
5 0.8684 0.4441 0.0591 0.1148
7 0.6867 0.8525 0.0438 0.1249
2 0.6571 0.4440 0.0375 0.1146
0 0.5849 0.8487 0.0556 0.1154
0 0.5774 0.3295 0.0560 0.1121
0 0.6279 0.3306 0.0522 0.1172
1 0.9145 0.4438 0.0494 0.1164
2 0.8867 0.8500 0.0605 0.1134
2 0.6292 0.4448 0.0486 0.1158
0 0.5671 0.4470 0.0623 0.1027
5 0.5322 0.8510 0.0589 0.1324
0 0.6408 0.8517 0.0539 0.1247
0 0.9782 0.3252 0.0491 0.1206
8 0.8364 0.8514 0.0516 0.1116
7 0.6726 0.3297 0.0451 0.1145
1 0.6942 0.4440 0.0483 0.1150
2 0.8712 0.3285 0.0567 0.1020
