9 0.4014 0.2927 0.0559 0.1237
9 0.3516 0.2947 0.0541 0.1196
9 0.4209 0.8049 0.0512 0.1208
9 0.3705 0.8089 0.0591 0.1164
0 0.5261 0.7959 0.0543 0.1180
0 0.4017 0.4059 0.0606 0.1101
0 0.3195 0.8122 0.0521 0.1145
0 0.1595 0.3035 0.0559 0.1116
0 0.3009 0.2972 0.0544 0.1191
0 0.5060 0.2856 0.0569 0.1129
5 0.4735 0.9265 0.0527 0.1137
3 0.2592 0.2990 0.0520 0.1002
4 0.7505 0.3928 0.1542 0.1082
0 0.6191 0.3939 0.0791 0.1016
0 0.5463 0.3949 0.0587 0.1040
0 0.2282 0.8207 0.0504 0.1144
5 0.1199 0.8248 0.0587 0.1177
1 0.2752 0.8167 0.0430 0.1259
5 0.4522 0.4053 0.0584 0.1154
0 0.2126 0.3022 0.0546 0.1093
7 0.2585 0.3004 0.0439 0.1148
2 0.4741 0.7985 0.0545 0.1071
5 0.1038 0.3054 0.0571 0.1063
1 0.2861 0.4130 0.0473 0.1295
2 0.2070 0.4201 0.0596 0.1123
2 0.4522 0.2910 0.0582 0.1008
0 0.1742 0.8195 0.0512 0.1185
8 0.3984 0.2919 0.0557 0.0983
