9 0.7547 0.1460 0.0526 0.1169
9 0.8041 0.1427 0.0510 0.1220
9 0.8224 0.6578 0.0531 0.1157
9 0.7718 0.6623 0.0527 0.1074
0 0.9108 0.1367 0.0510 0.1108
0 0.6170 0.1560 0.0522 0.1026
0 0.7184 0.6626 0.0526 0.1123
0 0.5140 0.2788 0.0345 0.1074
2 0.8588 0.1397 0.0543 0.1040
5 0.5235 0.6794 0.0652 0.1193
7 0.6742 0.6645 0.0460 0.1044
2 0.8771 0.6611 0.0490 0.1216
0 0.9333 0.6586 0.0444 0.1281
0 0.5668 0.1594 0.0511 0.1120
4 0.6259 0.7889 0.0661 0.1118
5 0.5131 0.1616 0.0498 0.1080
5 0.8625 0.2560 0.0504 0.1153
0 0.7042 0.1511 0.0531 0.1138
1 0.6618 0.1546 0.0389 0.1127
