5 0.217969 0.125000 0.070312 0.133333
8 0.627344 0.122917 0.064062 0.137500
1 0.680469 0.125000 0.057813 0.133333
0 0.279687 0.123958 0.065625 0.127083
0 0.337500 0.125000 0.062500 0.129167
2 0.454688 0.129167 0.065625 0.133333
2 0.395313 0.128125 0.062500 0.131250
1 0.688281 0.693750 0.054688 0.129167
8 0.638281 0.695833 0.060937 0.129167
6 0.522656 0.701042 0.064062 0.131250
2 0.463281 0.704167 0.064062 0.129167
2 0.407031 0.706250 0.064062 0.125000
0 0.350781 0.706250 0.067187 0.125000
5 0.233594 0.707292 0.067187 0.127083
0 0.292969 0.708333 0.064062 0.129167
6 0.511719 0.126042 0.067187 0.135417
4 0.571094 0.123958 0.067187 0.139583
4 0.582031 0.696875 0.067187 0.139583
