8 0.9017 0.7015 0.0663 0.1232
8 0.7766 0.1222 0.0622 0.1315
8 0.8944 0.1184 0.0574 0.1457
8 0.7869 0.7017 0.0624 0.1247
0 0.6025 0.1247 0.0544 0.1304
2 0.6750 0.7059 0.0606 0.1209
5 0.9877 0.1185 0.0190 0.1208
0 0.6148 0.7071 0.0591 0.1180
2 0.7257 0.7040 0.0716 0.1218
5 0.4862 0.1240 0.0616 0.1436
1 0.9457 0.1203 0.0488 0.1556
2 0.7145 0.1241 0.0651 0.1294
1 0.9558 0.7016 0.0489 0.1422
5 0.4988 0.7099 0.0609 0.1210
2 0.8351 0.1211 0.0589 0.1274
0 0.5441 0.1246 0.0575 0.1318
2 0.6588 0.1249 0.0611 0.1265
0 0.5575 0.7083 0.0567 0.1218
