9 0.2816 0.7874 0.0223 0.0438
9 0.2587 0.9272 0.0218 0.0442
9 0.2803 0.9269 0.0227 0.0426
9 0.2606 0.1899 0.0227 0.0488
9 0.2834 0.1902 0.0229 0.0476
9 0.2599 0.0298 0.0238 0.0471
9 0.2610 0.6440 0.0215 0.0453
9 0.2606 0.3448 0.0225 0.0449
9 0.2830 0.0299 0.0239 0.0466
9 0.2825 0.3449 0.0226 0.0432
9 0.2824 0.6439 0.0220 0.0436
9 0.2615 0.4963 0.0224 0.0456
9 0.2838 0.4961 0.0217 0.0445
9 0.2595 0.7874 0.0222 0.0451
0 0.1718 0.9278 0.0232 0.0427
0 0.1713 0.7880 0.0225 0.0453
0 0.1931 0.9278 0.0227 0.0461
0 0.2368 0.3447 0.0234 0.0459
0 0.3025 0.9272 0.0240 0.0424
0 0.1930 0.7879 0.0228 0.0425
0 0.2363 0.0294 0.0236 0.0476
0 0.3068 0.0301 0.0254 0.0480
0 0.3042 0.7873 0.0229 0.0433
0 0.2378 0.6439 0.0221 0.0448
0 0.2383 0.4961 0.0216 0.0458
0 0.3063 0.1905 0.0244 0.0494
0 0.3050 0.3452 0.0245 0.0462
0 0.3050 0.6436 0.0239 0.0454
0 0.3060 0.4960 0.0240 0.0464
0 0.2366 0.9272 0.0226 0.0454
5 0.1435 0.0308 0.0242 0.0475
0 0.1930 0.6440 0.0234 0.0449
0 0.2367 0.7876 0.0213 0.0447
5 0.1502 0.6451 0.0225 0.0439
5 0.1453 0.3437 0.0230 0.0456
2 0.2143 0.9276 0.0234 0.0460
0 0.1897 0.0299 0.0235 0.0473
2 0.2155 0.7879 0.0249 0.0455
0 0.1668 0.0305 0.0235 0.0486
1 0.3284 0.1909 0.0201 0.0485
1 0.3261 0.6437 0.0207 0.0439
0 0.1715 0.6456 0.0232 0.0444
0 0.1927 0.4966 0.0222 0.0451
0 0.1701 0.4969 0.0240 0.0471
0 0.1908 0.1892 0.0239 0.0479
0 0.2373 0.1895 0.0224 0.0480
2 0.2155 0.4970 0.0248 0.0466
0 0.1904 0.3443 0.0242 0.0480
1 0.3290 0.0306 0.0205 0.0496
2 0.2129 0.0291 0.0254 0.0494
5 0.1470 0.4965 0.0242 0.0455
5 0.1516 0.9273 0.0231 0.0398
0 0.1684 0.1891 0.0233 0.0476
1 0.3273 0.3455 0.0215 0.0447
2 0.2152 0.6440 0.0246 0.0464
2 0.2130 0.3449 0.0252 0.0479
1 0.3240 0.7870 0.0186 0.0443
1 0.3280 0.4965 0.0204 0.0448
1 0.3221 0.9269 0.0201 0.0434
5 0.1452 0.1888 0.0236 0.0466
5 0.1503 0.7878 0.0213 0.0432
2 0.2139 0.1897 0.0253 0.0482
0 0.1687 0.3441 0.0229 0.0466
