5 0.264062 0.126389 0.044792 0.097222
0 0.304167 0.125694 0.043750 0.090278
9 0.459375 0.126389 0.045833 0.094444
8 0.497917 0.126389 0.043750 0.097222
2 0.536458 0.126389 0.045833 0.094444
8 0.420312 0.126389 0.044792 0.094444
0 0.342708 0.126389 0.043750 0.091667
1 0.571354 0.127778 0.036458 0.097222
2 0.382292 0.127083 0.045833 0.093056
2 0.540104 0.399306 0.046875 0.095833
8 0.500521 0.397917 0.044792 0.093056
1 0.575000 0.398611 0.037500 0.091667
8 0.422917 0.398611 0.045833 0.094444
9 0.461458 0.398611 0.047917 0.094444
2 0.383333 0.400000 0.043750 0.094444
0 0.344792 0.399306 0.043750 0.093056
5 0.266667 0.399306 0.045833 0.095833
0 0.305729 0.399306 0.044792 0.095833
8 0.497917 0.674306 0.043750 0.095833
9 0.458854 0.675000 0.042708 0.097222
2 0.537500 0.675000 0.045833 0.100000
8 0.419271 0.676389 0.046875 0.100000
1 0.573438 0.675694 0.040625 0.098611
0 0.340625 0.676389 0.045833 0.094444
2 0.379688 0.675694 0.046875 0.095833
0 0.300521 0.676389 0.046875 0.094444
5 0.259896 0.676389 0.046875 0.097222
1 0.578646 0.956250 0.040625 0.087500
2 0.540104 0.956250 0.046875 0.087500
8 0.500000 0.956250 0.047917 0.087500
5 0.257292 0.957639 0.047917 0.084722
9 0.459896 0.956250 0.046875 0.087500
8 0.419271 0.956250 0.046875 0.087500
0 0.298438 0.958333 0.048958 0.083333
2 0.378125 0.956250 0.047917 0.087500
0 0.338542 0.957639 0.047917 0.084722
