5 0.057292 0.237500 0.054167 0.102778
0 0.102604 0.238889 0.051042 0.100000
0 0.146354 0.239583 0.051042 0.101389
2 0.192188 0.241667 0.053125 0.102778
8 0.234896 0.239583 0.048958 0.101389
3 0.279687 0.240972 0.048958 0.101389
8 0.322396 0.240278 0.048958 0.102778
7 0.366146 0.240278 0.051042 0.102778
3 0.410417 0.240278 0.052083 0.105556
5 0.047396 0.690278 0.053125 0.108333
0 0.093229 0.689583 0.053125 0.104167
0 0.137500 0.687500 0.052083 0.105556
2 0.182292 0.688194 0.052083 0.104167
8 0.227083 0.686806 0.052083 0.104167
3 0.271354 0.686806 0.053125 0.106944
8 0.315104 0.685417 0.051042 0.104167
7 0.358854 0.685417 0.055208 0.106944
3 0.404167 0.684722 0.052083 0.105556
