9 0.2609 0.0116 0.0222 0.0254
9 0.2371 0.3092 0.0217 0.0468
9 0.2383 0.1567 0.0224 0.0471
9 0.2389 0.0120 0.0223 0.0263
9 0.2599 0.3090 0.0231 0.0454
9 0.2315 0.8979 0.0216 0.0450
9 0.2531 0.8977 0.0217 0.0481
9 0.2552 0.7539 0.0222 0.0454
9 0.2335 0.7538 0.0225 0.0449
9 0.2610 0.1565 0.0234 0.0446
9 0.2360 0.4588 0.0224 0.0427
9 0.2582 0.6077 0.0218 0.0469
9 0.2360 0.6078 0.0221 0.0457
9 0.2579 0.4588 0.0223 0.0427
0 0.1480 0.1562 0.0235 0.0452
0 0.2154 0.1568 0.0236 0.0476
0 0.2853 0.0122 0.0240 0.0269
0 0.2834 0.3090 0.0238 0.0456
0 0.2132 0.4589 0.0235 0.0439
0 0.2782 0.7541 0.0242 0.0443
0 0.2751 0.8976 0.0220 0.0480
0 0.1695 0.0122 0.0232 0.0247
0 0.2120 0.7536 0.0219 0.0460
0 0.2132 0.6080 0.0231 0.0462
0 0.2841 0.1567 0.0240 0.0459
0 0.1479 0.0124 0.0239 0.0251
0 0.1475 0.6087 0.0235 0.0456
0 0.2806 0.6078 0.0239 0.0478
0 0.1699 0.3091 0.0227 0.0459
0 0.1697 0.6084 0.0220 0.0457
2 0.1917 0.0122 0.0254 0.0261
0 0.2146 0.3095 0.0235 0.0477
1 0.3053 0.1571 0.0198 0.0465
1 0.2953 0.8978 0.0188 0.0496
2 0.1917 0.3096 0.0234 0.0485
5 0.1260 0.1557 0.0236 0.0445
5 0.1262 0.3087 0.0233 0.0448
0 0.1462 0.4595 0.0239 0.0440
2 0.1931 0.1568 0.0244 0.0503
0 0.2101 0.8988 0.0211 0.0459
1 0.3042 0.3092 0.0204 0.0453
1 0.3025 0.4589 0.0203 0.0447
2 0.1905 0.6089 0.0236 0.0469
0 0.1476 0.3093 0.0234 0.0462
0 0.1706 0.1558 0.0233 0.0460
0 0.2157 0.0123 0.0228 0.0261
0 0.2804 0.4592 0.0237 0.0440
2 0.1905 0.4599 0.0243 0.0461
5 0.1242 0.6076 0.0232 0.0454
5 0.1241 0.4596 0.0240 0.0431
1 0.2993 0.7542 0.0197 0.0443
0 0.1689 0.4597 0.0236 0.0449
0 0.1678 0.8983 0.0218 0.0476
5 0.1250 0.0130 0.0240 0.0239
0 0.1467 0.7544 0.0230 0.0470
2 0.1901 0.7540 0.0242 0.0473
0 0.1686 0.7541 0.0226 0.0459
1 0.3060 0.0126 0.0210 0.0261
5 0.1253 0.7537 0.0232 0.0449
1 0.3011 0.6078 0.0207 0.0464
5 0.1243 0.8982 0.0227 0.0464
2 0.1893 0.8993 0.0237 0.0474
0 0.1453 0.8987 0.0225 0.0475
