9 0.8732 0.1403 0.0631 0.1169
7 0.8104 0.1433 0.0570 0.1134
5 0.4605 0.1482 0.0569 0.1252
5 0.8602 0.2699 0.0638 0.1043
2 0.7662 0.8520 0.0389 0.1509
5 0.8746 0.8500 0.0540 0.1138
2 0.5853 0.2735 0.0693 0.1006
2 0.6911 0.1465 0.0590 0.1100
2 0.6482 0.7318 0.0609 0.1243
0 0.8161 0.8505 0.0523 0.1052
2 0.7032 0.7286 0.0537 0.1254
0 0.9943 0.2565 0.0139 0.1483
4 0.9449 0.1425 0.0654 0.1219
0 0.5191 0.2789 0.0499 0.1068
0 0.5773 0.1484 0.0570 0.1106
7 0.8217 0.7258 0.0581 0.1096
8 0.7501 0.1420 0.0566 0.1174
4 0.9464 0.7208 0.0591 0.1130
0 0.5925 0.7320 0.0532 0.1113
1 0.4841 0.2783 0.0402 0.1285
2 0.6359 0.1479 0.0566 0.1174
4 0.9448 0.8503 0.0548 0.1153
3 0.6488 0.7298 0.0602 0.1258
0 0.5185 0.1484 0.0521 0.1169
5 0.4757 0.7339 0.0579 0.1261
0 0.5349 0.7331 0.0542 0.1270
1 0.9083 0.2609 0.0450 0.1513
