8 0.701562 0.120833 0.059375 0.137500
1 0.754687 0.123958 0.059375 0.135417
5 0.295312 0.125000 0.068750 0.137500
6 0.585156 0.126042 0.064062 0.135417
4 0.643750 0.118750 0.056250 0.133333
0 0.354687 0.127083 0.065625 0.137500
0 0.412500 0.128125 0.062500 0.131250
2 0.526563 0.129167 0.065625 0.133333
2 0.470313 0.130208 0.065625 0.131250
8 0.711719 0.694792 0.067187 0.131250
1 0.764062 0.696875 0.056250 0.131250
6 0.596094 0.702083 0.064062 0.137500
2 0.539062 0.706250 0.068750 0.133333
2 0.481250 0.706250 0.062500 0.129167
0 0.425000 0.706250 0.062500 0.129167
0 0.369531 0.707292 0.064062 0.131250
5 0.311719 0.709375 0.067187 0.131250
4 0.656250 0.697917 0.065625 0.133333
