8 0.3441 0.1300 0.0625 0.1285
5 0.0580 0.7119 0.0570 0.1228
2 0.7231 0.0334 0.0701 0.0547
4 0.4164 0.7039 0.0554 0.1183
0 0.1781 0.7092 0.0561 0.1240
5 0.0449 0.1227 0.0594 0.1221
4 0.4040 0.1312 0.0605 0.1235
2 0.2945 0.7060 0.0611 0.1307
0 0.1184 0.7105 0.0571 0.1163
4 0.7931 0.0307 0.0870 0.0578
1 0.5288 0.7008 0.0501 0.1125
2 0.2376 0.7073 0.0599 0.1228
0 0.1061 0.1240 0.0563 0.1329
2 0.2265 0.1286 0.0602 0.1276
2 0.2822 0.1301 0.0620 0.1327
1 0.5156 0.1272 0.0550 0.1220
0 0.1666 0.1274 0.0585 0.1251
