5 0.027604 0.201389 0.046875 0.102778
0 0.074479 0.202778 0.048958 0.100000
0 0.121875 0.202778 0.045833 0.100000
2 0.168229 0.204861 0.048958 0.101389
2 0.216146 0.203472 0.051042 0.104167
7 0.266667 0.201389 0.054167 0.108333
4 0.312500 0.201389 0.056250 0.105556
9 0.361979 0.203472 0.051042 0.104167
1 0.402604 0.202778 0.044792 0.111111
5 0.024479 0.670833 0.046875 0.105556
0 0.069792 0.670139 0.050000 0.106944
0 0.117708 0.668750 0.050000 0.101389
2 0.164062 0.668056 0.048958 0.105556
2 0.211458 0.665972 0.050000 0.104167
7 0.260937 0.663194 0.055208 0.106944
4 0.310937 0.661111 0.057292 0.108333
9 0.358854 0.661806 0.048958 0.109722
1 0.401042 0.659722 0.045833 0.113889
