4 0.779687 0.146875 0.078125 0.135417
9 0.713281 0.148958 0.067187 0.131250
7 0.654687 0.152083 0.068750 0.129167
6 0.596094 0.152083 0.067187 0.129167
0 0.424219 0.156250 0.060937 0.133333
2 0.538281 0.156250 0.060937 0.129167
0 0.369531 0.158333 0.064062 0.129167
5 0.312500 0.158333 0.068750 0.133333
2 0.480469 0.157292 0.060937 0.131250
7 0.663281 0.717708 0.070312 0.127083
6 0.606250 0.721875 0.065625 0.127083
4 0.785937 0.711458 0.075000 0.131250
2 0.549219 0.725000 0.064062 0.129167
2 0.492188 0.725000 0.062500 0.125000
0 0.436719 0.727083 0.060937 0.125000
0 0.381250 0.729167 0.065625 0.129167
5 0.325000 0.730208 0.065625 0.127083
9 0.722656 0.716667 0.067187 0.125000
