9 0.4511 0.1469 0.0618 0.1089
8 0.3439 0.7199 0.0552 0.1143
8 0.3300 0.1468 0.0563 0.1175
7 0.2573 0.2721 0.0512 0.0991
5 0.0937 0.2757 0.0507 0.1015
2 0.2134 0.1485 0.0554 0.1182
0 0.6419 0.8296 0.0686 0.1199
0 0.3945 0.8402 0.0556 0.1242
5 0.0521 0.7288 0.0568 0.1181
0 0.5511 0.2674 0.0591 0.1220
5 0.4549 0.8402 0.0520 0.1097
3 0.2057 0.2726 0.0473 0.1437
2 0.3359 0.2745 0.0534 0.1004
5 0.4407 0.2727 0.0593 0.0978
5 0.0352 0.1486 0.0551 0.1204
4 0.1700 0.2728 0.0656 0.1022
4 0.5162 0.1463 0.0589 0.1140
0 0.6333 0.2706 0.0744 0.1001
0 0.1713 0.7254 0.0559 0.1139
0 0.1547 0.1472 0.0568 0.1148
7 0.3898 0.1480 0.0578 0.1085
0 0.3856 0.2736 0.0542 0.0945
2 0.1510 0.2741 0.0465 0.1340
2 0.2833 0.7219 0.0525 0.1223
7 0.4003 0.7201 0.0529 0.1125
4 0.5252 0.7177 0.0637 0.1122
4 0.5242 0.2709 0.0624 0.1092
2 0.2294 0.7237 0.0602 0.1194
0 0.1129 0.7287 0.0548 0.1183
2 0.2701 0.1468 0.0601 0.1182
1 0.4880 0.2699 0.0447 0.1489
0 0.0945 0.1477 0.0543 0.1155
