5 0.315 0.0948 0.0191 0.0358
0 0.3316 0.0954 0.0181 0.0349
0 0.3555 0.0969 0.017 0.0358
9 0.3982 0.0985 0.0159 0.0375
1 0.4464 0.1002 0.0174 0.0388
2 0.4285 0.1003 0.0181 0.0393
5 0.3127 0.2128 0.0186 0.0349
0 0.33399999999999996 0.2137 0.018000000000000002 0.0344
2 0.359 0.2144 0.0177 0.0361
9 0.4096 0.21600000000000005 0.0156 0.0369
9 0.3951 0.2162 0.016 0.0358
0 0.4295 0.2165 0.0167 0.0383
1 0.4429 0.2166 0.0166 0.0387
5 0.3142 0.3277 0.0179 0.0351
0 0.3325 0.3285 0.0178 0.0338
2 0.3572 0.3292 0.0175 0.0354
0 0.3793 0.3302 0.0175 0.0346
9 0.3956 0.3307 0.0158 0.0356
9 0.409 0.3308 0.0151 0.0355
0 0.4323 0.3314 0.0161 0.0359
5 0.313 0.4382 0.0181 0.0317
0 0.3373 0.4393 0.0164 0.0312
2 0.3617 0.4402 0.0173 0.034
9 0.392 0.441 0.0154 0.0329
1 0.4333 0.4413 0.0165 0.0316
5 0.313 0.5446 0.0168 0.032
0 0.3372 0.5455 0.0161 0.0324
2 0.36 0.5461 0.0169 0.0347
3 0.3751 0.5465 0.0157 0.0333
1 0.4317 0.6482 0.0157 0.0312
5 0.3171 0.6494 0.015 0.0312
0 0.3943 0.6496 0.0141 0.0304
3 0.3721 0.6499 0.0152 0.0324
0 0.3411 0.6501 0.0157 0.0333
2 0.3572 0.6505 0.0161 0.033
1 0.4284 0.7494 0.0151 0.0308
7 0.4136 0.7497 0.016 0.0288
0 0.3995 0.7502 0.0149 0.0307
0 0.3759 0.7504 0.015 0.0328
0 0.3167 0.7509 0.0153 0.0307
2 0.3537 0.7509 0.0157 0.0333
0 0.3389 0.7511 0.0152 0.033
7 0.4114 0.8473 0.0168 0.031
3 0.3988 0.8474 0.0163 0.0303
0 0.375 0.8479 0.0156 0.0316
0 0.3162 0.8481 0.0155 0.0302
0 0.3382 0.8485 0.0155 0.0328
2 0.3522 0.8485 0.0156 0.0332
1 0.4244 0.9401 0.0154 0.03
5 0.3158 0.9420000000000001 0.0149 0.0288
0 0.3177 0.9426 0.013999999999999999 0.0285
2 0.3522 0.9427 0.0155 0.0324
0 0.33799999999999997 0.9428 0.0145 0.0298
