9 0.5871 0.7063 0.0557 0.1150
9 0.5322 0.7067 0.0577 0.1159
9 0.5181 0.1399 0.0591 0.1296
9 0.5756 0.1405 0.0515 0.1205
0 0.3482 0.1399 0.0530 0.1259
7 0.4765 0.7084 0.0540 0.1118
8 0.6407 0.7055 0.0542 0.1128
0 0.3088 0.7121 0.0563 0.1117
3 0.4056 0.1404 0.0524 0.1365
5 0.2510 0.7136 0.0559 0.1212
5 0.2345 0.1363 0.0601 0.1214
2 0.6961 0.7049 0.0673 0.1116
0 0.3649 0.7102 0.0473 0.1166
8 0.6298 0.1386 0.0560 0.1282
7 0.4606 0.1417 0.0526 0.1362
0 0.2940 0.1380 0.0543 0.1303
3 0.4184 0.7091 0.0545 0.1300
2 0.6845 0.1393 0.0615 0.1330
