9 0.3190 0.1405 0.0647 0.1331
9 0.3893 0.7140 0.0575 0.1167
9 0.3755 0.1423 0.0523 0.1180
9 0.3324 0.7144 0.0578 0.1239
3 0.2185 0.7153 0.0541 0.1327
7 0.2580 0.1406 0.0566 0.1361
0 0.1428 0.1381 0.0559 0.1253
2 0.5014 0.7151 0.0679 0.1170
8 0.4448 0.7138 0.0529 0.1160
0 0.0828 0.1373 0.0600 0.1204
5 0.0283 0.1387 0.0462 0.1303
3 0.2021 0.1400 0.0600 0.1444
2 0.4896 0.1416 0.0635 0.1340
5 0.0480 0.7191 0.0513 0.1217
0 0.1631 0.7162 0.0493 0.1252
7 0.2765 0.7147 0.0528 0.1190
8 0.4312 0.1407 0.0599 0.1271
0 0.1091 0.7183 0.0519 0.1230
