5 0.146484 0.088889 0.055469 0.144444
0 0.192188 0.089583 0.051562 0.134722
0 0.236719 0.090972 0.051562 0.134722
5 0.325000 0.094444 0.050000 0.138889
3 0.282031 0.092361 0.051562 0.137500
0 0.369141 0.095139 0.049219 0.134722
9 0.457031 0.100000 0.050000 0.136111
5 0.318359 0.699306 0.050781 0.137500
0 0.363281 0.700694 0.051562 0.140278
5 0.319531 0.700694 0.050000 0.140278
3 0.274609 0.701389 0.050781 0.136111
6 0.407813 0.702083 0.050000 0.140278
0 0.229687 0.701389 0.051562 0.136111
0 0.183594 0.700000 0.051562 0.136111
5 0.136719 0.701389 0.057813 0.141667
9 0.451953 0.701389 0.052344 0.133333
9 0.495312 0.702778 0.050000 0.138889
6 0.412891 0.097917 0.049219 0.137500
9 0.501563 0.101389 0.050000 0.133333
