7 0.885156 0.284375 0.067187 0.127083
3 0.828906 0.284375 0.067187 0.127083
0 0.942969 0.283333 0.064062 0.120833
0 0.567969 0.286458 0.060937 0.122917
0 0.624219 0.286458 0.064062 0.122917
3 0.677344 0.286458 0.060937 0.122917
2 0.734375 0.285417 0.065625 0.120833
5 0.514062 0.287500 0.062500 0.125000
1 0.782813 0.286458 0.050000 0.122917
5 0.525781 0.856250 0.064062 0.125000
3 0.843750 0.857292 0.068750 0.127083
0 0.635156 0.857292 0.064062 0.122917
0 0.580469 0.857292 0.064062 0.122917
3 0.690625 0.857292 0.062500 0.122917
2 0.746875 0.859375 0.068750 0.127083
0 0.959375 0.861458 0.068750 0.127083
7 0.902344 0.860417 0.067187 0.125000
1 0.795312 0.858333 0.053125 0.133333
