5 0.3128 0.2232 0.0427 0.1305
0 0.3572 0.2252 0.0426 0.1224
3 0.4463 0.2253 0.0457 0.1238
0 0.5308 0.2255 0.0444 0.1331
0 0.4012 0.2257 0.0427 0.1209
3 0.4877 0.2265 0.0404 0.1169
9 0.618 0.2274 0.0453 0.1467
9 0.6602 0.2276 0.0439 0.1491
3 0.5795 0.8256 0.0411 0.1361
0 0.5354 0.828 0.0477 0.1455
9 0.6662 0.8289 0.0463 0.1414
5 0.49 0.8290000000000001 0.0413 0.1307
9 0.6262 0.8290000000000001 0.0453 0.1229
0 0.4033 0.8296 0.0431 0.1276
3 0.44799999999999995 0.8297 0.0452 0.12300000000000001
5 0.3128 0.8306 0.0416 0.1288
0 0.3581 0.8306 0.0437 0.1323
3 0.4898 0.8315 0.0413 0.1234
