0 0.444531 0.159375 0.064062 0.131250
5 0.386719 0.159375 0.060937 0.135417
8 0.271875 0.159375 0.065625 0.139583
0 0.330469 0.161458 0.064062 0.131250
0 0.155469 0.161458 0.067187 0.135417
0 0.096875 0.163542 0.068750 0.135417
3 0.214062 0.159375 0.068750 0.135417
5 0.036719 0.161458 0.067187 0.139583
0 0.453125 0.745833 0.065625 0.125000
8 0.508594 0.744792 0.060937 0.131250
5 0.397656 0.747917 0.060937 0.129167
0 0.342187 0.748958 0.062500 0.127083
0 0.169531 0.757292 0.067187 0.131250
3 0.228125 0.753125 0.068750 0.131250
0 0.111719 0.757292 0.070312 0.139583
8 0.501563 0.159375 0.065625 0.131250
8 0.285938 0.750000 0.065625 0.137500
5 0.050781 0.759375 0.064062 0.147917
