0 0.513281 0.153472 0.048438 0.134722
9 0.600391 0.152778 0.050781 0.127778
9 0.642969 0.150694 0.050000 0.126389
5 0.470313 0.155556 0.050000 0.130556
3 0.428516 0.154167 0.049219 0.130556
0 0.339453 0.155556 0.046094 0.130556
5 0.295703 0.155556 0.050781 0.133333
0 0.383594 0.155556 0.048438 0.127778
9 0.642578 0.752778 0.047656 0.141667
6 0.556641 0.752083 0.049219 0.137500
9 0.601172 0.752778 0.049219 0.136111
0 0.512891 0.754167 0.049219 0.133333
5 0.469922 0.755556 0.047656 0.130556
3 0.425000 0.755556 0.050000 0.130556
0 0.381641 0.759028 0.047656 0.131944
0 0.336328 0.760417 0.047656 0.131944
5 0.292578 0.761806 0.050781 0.134722
6 0.556641 0.154167 0.049219 0.133333
