2 0.9575 0.1378 0.0559 0.1267
8 0.9013 0.1387 0.0559 0.1273
9 0.8451 0.1394 0.0523 0.1216
8 0.7894 0.1397 0.0555 0.1275
5 0.5154 0.1398 0.057999999999999996 0.1248
0 0.5679 0.1398 0.0531 0.1315
5 0.9932 0.14 0.0114 0.1425
0 0.6228 0.1402 0.0507 0.1271
3 0.6788 0.1416 0.0497 0.1358
7 0.7318 0.14300000000000002 0.0539 0.1265
2 0.9647 0.705 0.0535 0.1188
8 0.8042 0.7055 0.0539 0.1074
5 0.997 0.706 0.005 0.1041
3 0.6912 0.7064 0.0524 0.125
9 0.8607 0.7071 0.057 0.1087
8 0.9145 0.7071 0.0527 0.1068
7 0.7463 0.7079 0.0504 0.111
0 0.6364 0.71 0.0486 0.1137
5 0.5268 0.7103 0.0533 0.1233
0 0.5811 0.7106 0.0553 0.1148
