9 0.8557 0.7115 0.0563 0.1158
9 0.8456 0.1381 0.0532 0.1224
9 0.8014 0.7129 0.0584 0.1225
7 0.7314 0.1414 0.0545 0.1340
3 0.6868 0.7138 0.0538 0.1328
5 0.5203 0.7182 0.0576 0.1277
0 0.6337 0.7154 0.0504 0.1233
0 0.6186 0.1398 0.0518 0.1327
5 0.5087 0.1381 0.0549 0.1328
2 0.9637 0.7102 0.0581 0.1211
8 0.9103 0.7118 0.0543 0.1179
8 0.9015 0.1369 0.0559 0.1292
7 0.7444 0.7141 0.0553 0.1181
0 0.5782 0.7167 0.0560 0.1170
0 0.5645 0.1392 0.0535 0.1346
3 0.6755 0.1399 0.0523 0.1449
2 0.9600 0.1364 0.0576 0.1283
