9 0.3964 0.7089 0.0569 0.1164
9 0.3825 0.1419 0.0529 0.1181
9 0.3390 0.7091 0.0579 0.1184
9 0.3259 0.1396 0.0614 0.1315
7 0.2664 0.1397 0.0546 0.1328
5 0.0331 0.1345 0.0500 0.1329
0 0.1521 0.1340 0.0570 0.1199
2 0.5102 0.7065 0.0647 0.1172
3 0.2236 0.7101 0.0533 0.1321
8 0.4384 0.1395 0.0581 0.1254
0 0.0907 0.1333 0.0579 0.1246
3 0.2100 0.1382 0.0540 0.1451
2 0.4937 0.1406 0.0638 0.1376
5 0.0512 0.7164 0.0530 0.1232
8 0.4520 0.7077 0.0531 0.1160
0 0.1685 0.7128 0.0499 0.1217
7 0.2803 0.7108 0.0532 0.1156
0 0.1120 0.7145 0.0534 0.1198
