5 0.145703 0.088889 0.050781 0.141667
0 0.191797 0.088889 0.050781 0.136111
0 0.237891 0.092361 0.053906 0.131944
5 0.325391 0.094444 0.049219 0.136111
3 0.281250 0.093750 0.050000 0.131944
0 0.368750 0.096528 0.050000 0.134722
6 0.413672 0.098611 0.049219 0.136111
9 0.500000 0.102778 0.050000 0.141667
9 0.456641 0.101389 0.049219 0.138889
5 0.317578 0.702083 0.050781 0.137500
0 0.362891 0.700694 0.052344 0.134722
5 0.318359 0.701389 0.049219 0.136111
0 0.182812 0.703472 0.050000 0.137500
3 0.273828 0.701389 0.050781 0.133333
5 0.135937 0.701389 0.054688 0.136111
0 0.228516 0.700694 0.052344 0.131944
6 0.407813 0.699306 0.050000 0.131944
9 0.451562 0.700694 0.050000 0.131944
9 0.496484 0.703472 0.055469 0.129167
