9 0.5590 0.6879 0.0524 0.1190
9 0.5467 0.1160 0.0602 0.1134
9 0.6051 0.1161 0.0598 0.1190
9 0.6160 0.6853 0.0633 0.1127
4 0.4880 0.1167 0.0666 0.1196
0 0.3737 0.1161 0.0561 0.1247
0 0.3890 0.6889 0.0516 0.1255
4 0.6780 0.6864 0.0582 0.1215
0 0.3145 0.1149 0.0547 0.1308
0 0.3363 0.6897 0.0489 0.1194
3 0.4296 0.1164 0.0564 0.1312
5 0.2574 0.1139 0.0534 0.1346
4 0.6652 0.1160 0.0681 0.1220
3 0.4444 0.6894 0.0555 0.1284
7 0.7289 0.1130 0.0622 0.1404
5 0.2775 0.6888 0.0554 0.1201
7 0.7336 0.6834 0.0653 0.1275
4 0.5032 0.6885 0.0682 0.1184
