5 0.2529 0.1036 0.0403 0.09699999999999999
0 0.2965 0.105 0.0425 0.0974
0 0.3395 0.1072 0.0431 0.0949
3 0.3838 0.1087 0.0438 0.1005
5 0.4249 0.1107 0.0408 0.0969
0 0.4678 0.11199999999999999 0.045 0.0946
9 0.5539 0.1143 0.0441 0.0974
5 0.2495 0.5502 0.0436 0.0892
0 0.2946 0.5504 0.0438 0.0922
0 0.3374 0.551 0.0437 0.0901
3 0.3825 0.5519 0.0439 0.0949
0 0.4674 0.5539999999999999 0.0435 0.0981
6 0.5114 0.5542 0.0394 0.0977
9 0.5535 0.5557 0.0423 0.10300000000000001
5 0.2806 0.9777 0.0396 0.049
3 0.3977 0.9788 0.0336 0.0447
1 0.5794 0.9790000000000001 0.0391 0.0441
0 0.3623 0.9792 0.0387 0.043
3 0.4243 0.9794 0.0345 0.0412
2 0.5402 0.9794 0.0415 0.0423
9 0.4983 0.9795 0.0391 0.0435
0 0.3207 0.9796 0.0406 0.0449
4 0.4568 0.9796 0.0394 0.0425
