9 0.6298 0.8525 0.0771 0.1196
3 0.6310 0.8534 0.1263 0.1270
5 0.3144 0.8540 0.0582 0.1147
0 0.4325 0.2877 0.0542 0.1154
7 0.6896 0.8537 0.0575 0.1032
7 0.6892 0.2878 0.0550 0.1262
0 0.4248 0.8544 0.0535 0.1148
3 0.6311 0.2885 0.0638 0.1322
0 0.7463 0.2886 0.0666 0.1257
3 0.4857 0.2882 0.0520 0.1290
2 0.5402 0.2897 0.0715 0.1200
1 0.5888 0.2907 0.0419 0.1332
0 0.3790 0.2865 0.0519 0.1199
5 0.3218 0.2879 0.0585 0.1178
3 0.4793 0.8543 0.0537 0.1203
0 0.3715 0.8547 0.0519 0.1239
1 0.7441 0.8531 0.0665 0.1174
2 0.5364 0.8539 0.0605 0.1187
