9 0.4180 0.6878 0.0565 0.1147
9 0.3588 0.6885 0.0544 0.1198
9 0.4049 0.1185 0.0609 0.1307
9 0.3464 0.1185 0.0696 0.1150
0 0.1685 0.1166 0.0522 0.1169
4 0.4763 0.6874 0.0563 0.1227
0 0.1348 0.6914 0.0487 0.1237
7 0.5232 0.1169 0.0664 0.1360
7 0.5369 0.6863 0.0653 0.1327
3 0.2276 0.1174 0.0556 0.1346
5 0.0536 0.1145 0.0519 0.1283
4 0.4649 0.1180 0.0705 0.1324
5 0.0754 0.6914 0.0557 0.1256
4 0.3033 0.6907 0.0572 0.1263
0 0.1908 0.6915 0.0504 0.1187
3 0.2454 0.6905 0.0576 0.1273
0 0.1122 0.1161 0.0522 0.1196
4 0.2866 0.1195 0.0602 0.1148
