9 0.7009 0.2656 0.0497 0.11199999999999999
9 0.6547 0.2665 0.0455 0.1075
0 0.5615 0.2675 0.0485 0.1046
3 0.47 0.268 0.0466 0.105
5 0.3277 0.2681 0.0443 0.1038
0 0.3746 0.2683 0.0459 0.1003
0 0.4224 0.2683 0.0478 0.1009
6 0.6212 0.7495 0.0434 0.1078
8 0.716 0.7506 0.0546 0.1138
9 0.6675 0.7511 0.0483 0.11
0 0.5742 0.7518 0.0521 0.1151
5 0.5264 0.7547 0.0475 0.1114
3 0.4803 0.757 0.0447 0.1076
0 0.4319 0.7577 0.0459 0.1063
3 0.5241 0.7577 0.0468 0.1019
0 0.3851 0.7591 0.0466 0.1043
5 0.3346 0.7605 0.0447 0.1023
