9 0.8429 0.1121 0.0578 0.1222
9 0.7899 0.6867 0.0540 0.1175
9 0.7809 0.1121 0.0545 0.1349
9 0.8477 0.6843 0.0608 0.1124
0 0.6100 0.1147 0.0515 0.1257
4 0.7255 0.1137 0.0613 0.1284
4 0.9099 0.6867 0.0627 0.1129
3 0.6760 0.6877 0.0552 0.1281
4 0.7331 0.6872 0.0670 0.1154
0 0.6189 0.6865 0.0520 0.1286
5 0.4977 0.1140 0.0583 0.1444
3 0.6651 0.1136 0.0579 0.1410
7 0.9625 0.1071 0.0597 0.1290
0 0.5535 0.1145 0.0512 0.1351
7 0.9680 0.6811 0.0539 0.1197
0 0.5675 0.6874 0.0485 0.1247
4 0.9040 0.1112 0.0601 0.1211
5 0.5110 0.6871 0.0560 0.1234
