0 0.7869 0.7464 0.0570 0.1235
8 0.9626 0.1528 0.0597 0.1617
3 0.8474 0.1562 0.0534 0.1220
0 0.9000 0.7463 0.0565 0.1180
5 0.5046 0.7550 0.0530 0.1217
0 0.7926 0.1582 0.0561 0.1200
3 0.8412 0.7462 0.0491 0.1285
3 0.6747 0.7497 0.0524 0.1226
0 0.9067 0.1557 0.0545 0.1151
8 0.9557 0.7471 0.0533 0.1221
0 0.6161 0.7509 0.0518 0.1146
0 0.5606 0.7522 0.0498 0.1241
0 0.6206 0.1634 0.0588 0.1258
5 0.5065 0.1643 0.0596 0.1278
0 0.5637 0.1641 0.0545 0.1299
3 0.6779 0.1631 0.0539 0.1325
2 0.9905 0.7459 0.0164 0.1500
