5 0.262 0.1034 0.0442 0.0981
0 0.3066 0.1036 0.0449 0.1002
0 0.35 0.1064 0.0447 0.0988
3 0.3928 0.1078 0.0434 0.0999
0 0.4769 0.1102 0.0491 0.1053
9 0.5621 0.1129 0.049 0.1048
8 0.6038 0.1155 0.0467 0.1097
5 0.2594 0.5492 0.0439 0.0926
0 0.3038 0.5492 0.0449 0.0968
0 0.3475 0.5494 0.046 0.0986
5 0.4314 0.5503 0.043 0.0977
3 0.3908 0.5505 0.0465 0.099
0 0.4751 0.5505 0.0485 0.1024
9 0.6033 0.551 0.0461 0.1043
3 0.5198 0.5514 0.0454 0.1015
9 0.5624 0.5524 0.047 0.0962
2 0.4203 0.9777 0.0468 0.0464
3 0.4239 0.9779 0.0443 0.0476
0 0.3695 0.9785 0.0422 0.0432
5 0.2892 0.9786 0.0424 0.0473
9 0.5054 0.9790000000000001 0.0445 0.0481
0 0.3287 0.9793 0.0399 0.045
8 0.5435 0.9795 0.0398 0.0476
1 0.5826 0.9798 0.0356 0.0429
