8 0.760156 0.158333 0.060937 0.129167
0 0.705469 0.159375 0.064062 0.131250
5 0.650000 0.161458 0.062500 0.135417
0 0.592187 0.162500 0.062500 0.125000
8 0.536719 0.163542 0.060937 0.131250
3 0.479687 0.163542 0.065625 0.127083
0 0.422656 0.165625 0.064062 0.127083
5 0.308594 0.167708 0.064062 0.135417
0 0.365625 0.164583 0.062500 0.129167
8 0.764844 0.743750 0.060937 0.129167
0 0.709375 0.746875 0.062500 0.122917
5 0.654687 0.747917 0.059375 0.129167
0 0.600000 0.747917 0.062500 0.125000
0 0.431250 0.752083 0.059375 0.125000
3 0.488281 0.752083 0.060937 0.125000
0 0.376563 0.756250 0.062500 0.129167
5 0.320312 0.756250 0.059375 0.129167
8 0.542969 0.751042 0.064062 0.131250
