9 0.3620 0.2221 0.0449 0.1385
9 0.3676 0.8284 0.0449 0.1295
9 0.4072 0.2230 0.0494 0.1532
9 0.4122 0.8281 0.0464 0.1302
0 0.2740 0.8294 0.0474 0.1264
3 0.2264 0.8337 0.0447 0.1298
3 0.1871 0.2178 0.0433 0.1331
0 0.0907 0.8339 0.0427 0.1312
0 0.0947 0.2147 0.0454 0.1430
0 0.1382 0.8317 0.0434 0.1320
5 0.0481 0.2136 0.0439 0.1314
3 0.1850 0.8308 0.0445 0.1363
0 0.2724 0.2197 0.0487 0.1479
3 0.2281 0.2216 0.0434 0.1304
0 0.1385 0.2164 0.0478 0.1363
8 0.4088 0.8288 0.0476 0.1428
5 0.0448 0.8311 0.0432 0.1238
