0 0.2297 0.2976 0.0445 0.0991
5 0.1852 0.2977 0.0426 0.0935
0 0.2734 0.2992 0.0448 0.0982
9 0.5289 0.2999 0.0456 0.1031
3 0.3175 0.3001 0.043 0.0948
3 0.4441 0.3004 0.0424 0.0989
0 0.402 0.3005 0.0471 0.1012
3 0.359 0.3007 0.0422 0.0967
9 0.48700000000000004 0.301 0.0444 0.1003
8 0.5289 0.7418 0.0443 0.1076
3 0.4439 0.7422 0.043 0.099
9 0.4869 0.7423 0.0448 0.1019
0 0.4007 0.7437 0.0475 0.1019
5 0.3574 0.7441 0.0426 0.0943
0 0.2709 0.7442 0.0432 0.0937
0 0.2258 0.7443 0.0444 0.0954
5 0.1798 0.7447 0.0426 0.0941
3 0.3144 0.7447 0.0452 0.0926
