5 0.392188 0.221528 0.050000 0.137500
0 0.609375 0.219444 0.050000 0.133333
0 0.435937 0.220833 0.046875 0.130556
6 0.653516 0.222917 0.050781 0.137500
0 0.480469 0.220833 0.048438 0.130556
3 0.524219 0.221528 0.048438 0.129167
5 0.566016 0.222222 0.046094 0.133333
6 0.651953 0.221528 0.050781 0.134722
9 0.738281 0.221528 0.048438 0.134722
9 0.695703 0.222917 0.049219 0.129167
3 0.514844 0.824306 0.050000 0.131944
6 0.646875 0.824306 0.050000 0.131944
5 0.382031 0.827083 0.053125 0.137500
0 0.601172 0.824306 0.049219 0.129167
5 0.557813 0.824306 0.050000 0.137500
0 0.471094 0.825694 0.050000 0.134722
0 0.426172 0.825694 0.049219 0.134722
9 0.733203 0.825694 0.050781 0.131944
9 0.691016 0.824306 0.050781 0.129167
