5 0.1345 0.2158 0.0472 0.1248
0 0.1821 0.2158 0.0461 0.126
0 0.2251 0.2159 0.0424 0.1327
0 0.3589 0.2184 0.0496 0.138
5 0.3137 0.2188 0.0423 0.1488
3 0.3126 0.2192 0.046 0.1348
8 0.4035 0.2194 0.0432 0.1392
3 0.2701 0.2197 0.0471 0.1336
9 0.4888 0.2208 0.0476 0.1455
9 0.4465 0.2234 0.0464 0.1188
0 0.3467 0.8252 0.0494 0.1149
9 0.4377 0.8252 0.0432 0.1239
3 0.2603 0.8265 0.0455 0.1358
8 0.4793 0.8275 0.0505 0.1336
0 0.2102 0.8283 0.0425 0.1268
3 0.2991 0.8292 0.0412 0.1271
5 0.1187 0.83 0.0456 0.1426
0 0.1661 0.83 0.0436 0.1284
