0 0.125 0.0533 0.1166 0.1056
0 0.0335 0.0576 0.0664 0.1133
3 0.7799 0.2218 0.0433 0.1332
2 0.992 0.2223 0.0171 0.14
0 0.8255 0.2224 0.0502 0.1507
8 0.8697 0.2224 0.0493 0.1495
5 0.6076 0.2228 0.046 0.1292
3 0.7405 0.223 0.0453 0.1264
8 0.9582 0.2249 0.0469 0.1524
9 0.9131 0.2253 0.0489 0.1407
0 0.6519 0.2255 0.0488 0.14800000000000002
0 0.6942 0.22699999999999998 0.0493 0.1421
8 0.7376 0.22699999999999998 0.0403 0.1419
0 0.6884 0.8301 0.0461 0.1348
0 0.8198 0.8302 0.0529 0.1397
3 0.7328 0.8307 0.0471 0.1371
9 0.7759 0.8307 0.0465 0.1368
0 0.6432 0.8308 0.0464 0.1317
9 0.914 0.8311 0.0461 0.1167
8 0.866 0.8312 0.0419 0.14
5 0.602 0.8314 0.0512 0.1267
7 0.9897 0.8321 0.0213 0.1263
8 0.9549 0.8322 0.0491 0.1425
8 0.9108 0.8328 0.0529 0.1332
