5 0.1745 0.2917 0.0433 0.0985
0 0.2195 0.2926 0.0437 0.1004
0 0.2642 0.2932 0.0459 0.0961
3 0.3094 0.2944 0.0481 0.1026
0 0.395 0.2947 0.0478 0.1008
8 0.4399 0.2949 0.0458 0.0996
8 0.5248 0.2965 0.05 0.1064
9 0.4825 0.297 0.0487 0.1031
9 0.5301 0.7446 0.0461 0.1094
9 0.4865 0.7457 0.0482 0.1031
3 0.4429 0.7458 0.0433 0.1044
5 0.3523 0.7466 0.0436 0.0999
0 0.3977 0.7466 0.049 0.1027
3 0.3105 0.7476 0.0497 0.0998
0 0.2652 0.7478 0.0433 0.0971
0 0.21899999999999997 0.7483 0.0473 0.0992
5 0.1737 0.7488 0.0434 0.1028
