6 0.812109 0.306250 0.049219 0.095833
9 0.853516 0.306250 0.047656 0.095833
0 0.768750 0.307812 0.046875 0.092708
5 0.728125 0.309375 0.046875 0.091667
3 0.686719 0.309896 0.048438 0.092708
5 0.562500 0.309896 0.046875 0.094792
0 0.645312 0.309896 0.046875 0.092708
0 0.604688 0.310417 0.046875 0.095833
0 0.603906 0.741667 0.045312 0.091667
5 0.562891 0.741667 0.047656 0.093750
9 0.901563 0.742188 0.048438 0.098958
0 0.771875 0.740625 0.045312 0.093750
9 0.857812 0.741667 0.046875 0.097917
0 0.646875 0.742188 0.045312 0.092708
3 0.687500 0.742188 0.046875 0.094792
9 0.897266 0.307292 0.047656 0.097917
5 0.729688 0.742188 0.048438 0.096875
6 0.814453 0.741667 0.046094 0.100000
