8 0.9574 0.2964 0.0503 0.1036
8 0.8695 0.2974 0.0494 0.1016
0 0.8242 0.298 0.0513 0.107
9 0.9137 0.2983 0.0501 0.0982
5 0.6098 0.3 0.0453 0.0935
0 0.6523 0.3004 0.0481 0.1057
3 0.7389 0.3005 0.0475 0.1012
0 0.6949 0.3012 0.0489 0.0993
3 0.747 0.7496 0.046 0.0997
0 0.835 0.7496 0.0511 0.0986
5 0.7902 0.7497 0.0447 0.1007
0 0.6587 0.7506 0.0497 0.10300000000000001
5 0.6147 0.7509999999999999 0.0517 0.0937
0 0.7023 0.7509999999999999 0.0458 0.0936
8 0.8812 0.7516 0.0497 0.1067
8 0.9247 0.7533 0.0516 0.1093
8 0.9678 0.7545 0.0495 0.1003
0 0.1076 0.9473 0.1263 0.11900000000000001
