0 0.099219 0.296875 0.064062 0.131250
5 0.042969 0.294792 0.064062 0.122917
0 0.154688 0.295833 0.065625 0.125000
3 0.209375 0.295833 0.062500 0.125000
3 0.357031 0.298958 0.064062 0.127083
7 0.412500 0.297917 0.065625 0.125000
0 0.466406 0.298958 0.067187 0.127083
2 0.263281 0.300000 0.060937 0.125000
0 0.477344 0.853125 0.067187 0.127083
3 0.364844 0.853125 0.067187 0.131250
7 0.420312 0.854167 0.065625 0.133333
0 0.157031 0.857292 0.064062 0.122917
0 0.103906 0.858333 0.067187 0.125000
2 0.270313 0.856250 0.068750 0.125000
5 0.046875 0.858333 0.065625 0.125000
3 0.214062 0.855208 0.065625 0.127083
1 0.311719 0.297917 0.054688 0.125000
1 0.319531 0.850000 0.054688 0.129167
