5 0.112500 0.061719 0.079167 0.095312
0 0.179167 0.063281 0.079167 0.089063
0 0.246875 0.065625 0.077083 0.090625
3 0.313542 0.065625 0.077083 0.087500
4 0.384375 0.066406 0.085417 0.095312
9 0.454167 0.066406 0.079167 0.089063
9 0.520833 0.066406 0.079167 0.089063
4 0.589583 0.067969 0.083333 0.092188
7 0.662500 0.065625 0.083333 0.090625
5 0.130208 0.450000 0.081250 0.090625
0 0.197917 0.450000 0.079167 0.090625
0 0.265625 0.450000 0.077083 0.087500
3 0.330208 0.449219 0.077083 0.089063
4 0.401042 0.449219 0.085417 0.089063
9 0.469792 0.449219 0.077083 0.089063
9 0.534375 0.449219 0.077083 0.089063
4 0.605208 0.448437 0.085417 0.090625
7 0.673958 0.448437 0.081250 0.090625
5 0.134375 0.839844 0.085417 0.095312
0 0.203125 0.838281 0.081250 0.092188
0 0.270833 0.837500 0.079167 0.093750
3 0.337500 0.835938 0.079167 0.093750
4 0.408333 0.835156 0.087500 0.092188
9 0.479167 0.833594 0.083333 0.092188
9 0.544792 0.832812 0.077083 0.090625
4 0.614583 0.832031 0.083333 0.092188
7 0.687500 0.831250 0.083333 0.093750
