0 0.1043 0.294 0.0493 0.1182
0 0.1569 0.2941 0.0527 0.11800000000000001
5 0.0468 0.2954 0.0558 0.1158
3 0.2133 0.2954 0.0529 0.129
3 0.3586 0.2978 0.0638 0.1335
2 0.268 0.298 0.0588 0.1225
1 0.3122 0.2984 0.0461 0.1519
0 0.4703 0.2985 0.073 0.126
7 0.4126 0.2989 0.0564 0.1281
0 0.4769 0.8501 0.0599 0.1129
3 0.3646 0.8513 0.0664 0.1161
7 0.4221 0.8522 0.0575 0.1184
2 0.2747 0.8544 0.0688 0.1137
7 0.3224 0.8545 0.0376 0.1363
0 0.1615 0.8559 0.0529 0.1159
3 0.2181 0.8559 0.0532 0.1201
0 0.1073 0.8568 0.0522 0.1232
5 0.0487 0.8583 0.0531 0.1166
