5 0.242969 0.138542 0.067187 0.131250
0 0.302344 0.139583 0.064062 0.129167
0 0.357812 0.140625 0.062500 0.127083
9 0.529687 0.139583 0.065625 0.129167
3 0.416406 0.141667 0.064062 0.129167
5 0.585938 0.139583 0.062500 0.125000
2 0.696094 0.139583 0.067187 0.125000
6 0.640625 0.140625 0.062500 0.127083
7 0.472656 0.141667 0.064062 0.129167
5 0.599219 0.709375 0.060937 0.122917
6 0.652344 0.711458 0.060937 0.122917
9 0.543750 0.713542 0.062500 0.122917
2 0.707812 0.711458 0.065625 0.122917
7 0.488281 0.714583 0.064062 0.125000
3 0.432031 0.715625 0.060937 0.127083
0 0.377344 0.715625 0.060937 0.122917
0 0.321094 0.718750 0.064062 0.125000
5 0.264844 0.718750 0.064062 0.125000
