5 0.070833 0.119444 0.045833 0.097222
0 0.111979 0.119444 0.046875 0.094444
6 0.353125 0.121528 0.047917 0.098611
3 0.192708 0.120139 0.047917 0.095833
9 0.233333 0.121528 0.047917 0.095833
0 0.152604 0.120139 0.046875 0.093056
0 0.273438 0.122222 0.046875 0.097222
2 0.313542 0.122222 0.047917 0.097222
1 0.389062 0.122917 0.038542 0.095833
5 0.073438 0.400694 0.044792 0.095833
0 0.276562 0.400694 0.046875 0.093056
2 0.316667 0.400694 0.047917 0.095833
3 0.196354 0.401389 0.046875 0.094444
9 0.235937 0.400694 0.046875 0.095833
1 0.392708 0.401389 0.039583 0.094444
0 0.114583 0.402083 0.047917 0.095833
0 0.155208 0.401389 0.047917 0.091667
0 0.276562 0.681944 0.046875 0.100000
6 0.358333 0.679861 0.047917 0.095833
9 0.236458 0.682639 0.047917 0.095833
2 0.317708 0.682639 0.050000 0.098611
1 0.393229 0.680556 0.040625 0.094444
3 0.195833 0.684722 0.047917 0.097222
0 0.113542 0.686806 0.047917 0.098611
0 0.154688 0.686111 0.048958 0.097222
5 0.072396 0.688194 0.048958 0.101389
6 0.356771 0.402083 0.044792 0.095833
