5 0.3139 0.2925 0.0604 0.1179
0 0.3708 0.2926 0.0499 0.1212
0 0.4239 0.2929 0.0534 0.1185
3 0.4777 0.2943 0.0516 0.1274
3 0.625 0.2944 0.066 0.13
7 0.6814 0.2963 0.0529 0.126
0 0.7339 0.2968 0.0638 0.1285
2 0.5327 0.2971 0.0609 0.1219
7 0.5664 0.2983 0.0516 0.1079
3 0.6346 0.8547 0.0578 0.1295
1 0.7493 0.8548 0.0572 0.128
7 0.6903 0.8556 0.0519 0.1307
0 0.3763 0.8568 0.0512 0.1272
0 0.4323 0.8569 0.0525 0.1203
5 0.3224 0.857 0.0541 0.1269
3 0.4862 0.8575 0.0505 0.128
2 0.5426 0.8584 0.0642 0.11800000000000001
