5 0.075781 0.159375 0.067187 0.131250
0 0.132812 0.162500 0.065625 0.125000
0 0.189844 0.163542 0.064062 0.127083
2 0.246094 0.167708 0.067187 0.131250
8 0.300781 0.165625 0.064062 0.127083
8 0.357031 0.169792 0.064062 0.127083
7 0.412500 0.171875 0.065625 0.127083
5 0.467969 0.171875 0.064062 0.122917
0 0.524219 0.173958 0.067187 0.122917
7 0.991406 0.682292 0.017188 0.110417
9 0.371875 0.857292 0.065625 0.135417
7 0.312500 0.854167 0.065625 0.129167
3 0.257031 0.854167 0.064062 0.133333
0 0.144531 0.857292 0.064062 0.131250
0 0.200781 0.858333 0.064062 0.129167
5 0.087500 0.859375 0.065625 0.135417
4 0.430469 0.854167 0.070312 0.133333
2 0.486719 0.856250 0.067187 0.133333
0 0.541406 0.853125 0.064062 0.122917
