5 0.051562 0.158333 0.062500 0.125000
0 0.107031 0.158333 0.064062 0.125000
0 0.163281 0.159375 0.060937 0.122917
3 0.220312 0.161458 0.062500 0.127083
7 0.276562 0.162500 0.065625 0.125000
0 0.503906 0.164583 0.067187 0.129167
9 0.332813 0.163542 0.065625 0.127083
2 0.447656 0.163542 0.067187 0.122917
4 0.392188 0.165625 0.068750 0.127083
0 0.513281 0.796875 0.064062 0.127083
8 0.345313 0.798958 0.062500 0.131250
5 0.457031 0.797917 0.064062 0.129167
8 0.346875 0.801042 0.062500 0.131250
8 0.291406 0.802083 0.060937 0.125000
7 0.401562 0.800000 0.065625 0.125000
2 0.236719 0.805208 0.070312 0.131250
0 0.179688 0.806250 0.065625 0.125000
0 0.122656 0.806250 0.067187 0.133333
5 0.063281 0.807292 0.070312 0.135417
