5 0.3109 0.1403 0.0554 0.1233
0 0.367 0.1419 0.0535 0.1234
0 0.4219 0.1433 0.0523 0.1202
2 0.4767 0.146 0.0555 0.1283
8 0.5297 0.1462 0.0528 0.1366
8 0.5849 0.1466 0.0573 0.1344
0 0.7478 0.1493 0.0627 0.1373
5 0.6926 0.1498 0.0557 0.1251
7 0.636 0.1502 0.0539 0.1248
4 0.6503 0.8285 0.0549 0.1403
3 0.5951 0.8287 0.0655 0.1261
7 0.5374 0.8288 0.0513 0.1212
3 0.484 0.829 0.0527 0.1304
0 0.429 0.8291 0.0505 0.1157
0 0.3762 0.8293 0.0518 0.1213
2 0.7131 0.8297 0.0675 0.11
5 0.3215 0.8312 0.0593 0.1186
