5 0.302344 0.162500 0.064062 0.125000
0 0.357812 0.164583 0.062500 0.120833
9 0.575781 0.164583 0.064062 0.120833
2 0.689844 0.165625 0.064062 0.122917
7 0.521875 0.166667 0.065625 0.125000
0 0.412500 0.166667 0.059375 0.125000
3 0.467187 0.165625 0.062500 0.122917
8 0.577344 0.796875 0.064062 0.131250
5 0.687500 0.796875 0.065625 0.131250
7 0.633594 0.797917 0.064062 0.129167
8 0.525000 0.800000 0.062500 0.129167
0 0.741406 0.794792 0.060937 0.127083
2 0.470313 0.802083 0.065625 0.133333
0 0.413281 0.803125 0.060937 0.127083
0 0.358594 0.803125 0.060937 0.122917
5 0.302344 0.804167 0.070312 0.129167
4 0.632812 0.164583 0.068750 0.129167
0 0.745313 0.165625 0.065625 0.122917
