0 0.9979 0.1595 0.0045 0.1195
0 0.9641 0.1603 0.0528 0.1314
2 0.9065 0.162 0.0635 0.1182
3 0.6838 0.1625 0.0519 0.1313
4 0.8518 0.1628 0.058 0.1092
0 0.5772 0.1631 0.058 0.1109
0 0.6293 0.1631 0.0486 0.1132
5 0.5237 0.1632 0.055 0.1187
9 0.7954 0.1633 0.0594 0.1185
7 0.7383 0.1635 0.0526 0.1131
7 0.853 0.7966 0.0562 0.1234
8 0.7461 0.7967 0.0559 0.1422
3 0.7995 0.7973 0.0556 0.136
3 0.9067 0.7985 0.0563 0.1256
0 0.9674 0.7991 0.056 0.1283
0 0.6353 0.8002 0.0512 0.1223
5 0.5232 0.8006 0.059 0.13
2 0.6918 0.801 0.0551 0.1262
0 0.5804 0.8015 0.0526 0.1229
