5 0.507812 0.105208 0.062500 0.131250
0 0.562500 0.108333 0.059375 0.129167
0 0.616406 0.107292 0.057813 0.127083
8 0.724219 0.109375 0.057813 0.127083
2 0.671094 0.110417 0.060937 0.125000
8 0.778906 0.111458 0.060937 0.127083
0 0.942187 0.111458 0.059375 0.127083
5 0.888281 0.110417 0.060937 0.129167
7 0.834375 0.110417 0.062500 0.125000
0 0.567969 0.789583 0.057813 0.125000
0 0.622656 0.789583 0.060937 0.120833
3 0.675781 0.790625 0.060937 0.122917
5 0.514844 0.787500 0.057813 0.125000
0 0.958594 0.792708 0.064062 0.127083
7 0.729688 0.790625 0.062500 0.118750
4 0.845313 0.790625 0.065625 0.131250
9 0.785937 0.791667 0.065625 0.120833
2 0.902344 0.792708 0.070312 0.127083
0 0.956250 0.793750 0.062500 0.125000
